ticker,date,open,high,low,close
AQST,2018-07-25,15.05,19.3,15.02,16.05
AQST,2018-07-26,16.2,16.6648,15.0,15.85
AQST,2018-07-27,16.17,16.195,15.05,15.18
AQST,2018-07-30,15.1,15.32,15.06,15.06
AQST,2018-07-31,15.06,15.4172,15.0,15.04
AQST,2018-08-01,15.0,15.42,14.751,15.1
AQST,2018-08-02,15.07,15.1,15.0,15.02
AQST,2018-08-03,15.0,15.6233,15.0,15.01
AQST,2018-08-06,15.02,15.86,15.0,15.0
AQST,2018-08-07,15.1,15.187,15.0,15.01
AQST,2018-08-08,15.01,15.26,15.0,15.06
AQST,2018-08-09,15.08,15.24,15.0,15.06
AQST,2018-08-10,15.03,16.0,15.03,15.68
AQST,2018-08-13,16.6673,16.6673,15.7,16.17
AQST,2018-08-14,16.76,16.83,16.17,16.53
AQST,2018-08-15,16.85,16.85,15.9201,16.46
AQST,2018-08-16,16.59,16.8,15.5,16.1
AQST,2018-08-17,16.15,16.25,15.0347,16.0
AQST,2018-08-20,16.25,16.36,15.75,15.96
AQST,2018-08-21,16.08,16.1862,15.75,15.84
AQST,2018-08-22,16.0,16.365,15.9,15.97
AQST,2018-08-23,16.0,16.25,15.25,15.93
AQST,2018-08-24,15.85,16.0,15.65,15.73
AQST,2018-08-27,15.73,15.954,15.355,15.51
AQST,2018-08-28,15.4,16.5,15.4,16.02
AQST,2018-08-29,16.02,17.4,16.02,16.9
AQST,2018-08-30,17.0,17.5,16.5,17.18
AQST,2018-08-31,16.99,18.67,16.9332,18.01
AQST,2018-09-04,17.82,18.3864,17.22,17.89
AQST,2018-09-05,18.0,18.04,17.21,17.96
AQST,2018-09-06,17.98,19.17,17.948,18.88
AQST,2018-09-07,18.89,19.19,18.3751,18.96
AQST,2018-09-10,19.09,19.28,18.5,18.67
AQST,2018-09-11,18.61,19.28,17.8,18.28
AQST,2018-09-12,18.19,18.85,17.57,18.47
AQST,2018-09-13,18.61,20.6961,18.011,18.31
AQST,2018-09-14,18.27,18.607,16.5,16.52
AQST,2018-09-17,16.55,16.975,15.03,16.53
AQST,2018-09-18,16.44,16.65,15.23,16.07
AQST,2018-09-19,16.18,16.56,15.54,16.38
AQST,2018-09-20,16.42,16.75,15.77,16.31
AQST,2018-09-21,16.39,16.7,15.57,16.33
AQST,2018-09-24,16.22,17.38,15.96,17.16
AQST,2018-09-25,17.17,18.05,17.17,17.5
AQST,2018-09-26,17.5,17.6,17.0,17.19
AQST,2018-09-27,17.25,17.4,16.44,17.31
AQST,2018-09-28,17.34,17.71,16.31,17.51
AQST,2018-10-01,17.4,18.33,16.375,17.31
AQST,2018-10-02,17.33,18.055,17.179,17.9
AQST,2018-10-03,17.9,18.09,17.455,17.85
AQST,2018-10-04,17.85,17.95,16.4,16.62
AQST,2018-10-05,16.73,16.85,15.675,16.14
AQST,2018-10-08,16.13,16.855,15.39,15.78
AQST,2018-10-09,15.55,15.92,14.67,14.8
AQST,2018-10-10,14.8,15.13,13.81,14.42
AQST,2018-10-11,14.3,14.3101,13.61,14.04
AQST,2018-10-12,14.22,14.97,14.22,14.9
AQST,2018-10-15,14.84,15.26,14.45,15.09
AQST,2018-10-16,15.21,15.5,14.505,15.46
AQST,2018-10-17,15.49,16.285,15.07,15.92
AQST,2018-10-18,15.88,15.95,14.77,15.52
AQST,2018-10-19,15.37,15.854,14.29,14.36
AQST,2018-10-22,14.44,14.97,13.95,14.11
AQST,2018-10-23,13.94,15.13,13.8615,14.74
AQST,2018-10-24,14.7,15.0,14.01,14.78
AQST,2018-10-25,14.99,15.515,14.745,14.8
AQST,2018-10-26,14.6,15.34,13.81,15.23
AQST,2018-10-29,15.41,15.41,14.31,14.61
AQST,2018-10-30,14.56,15.44,14.56,14.87
AQST,2018-10-31,15.02,15.715,14.88,15.13
AQST,2018-11-01,15.15,16.05,15.1,15.24
AQST,2018-11-02,15.75,17.78,15.75,17.33
AQST,2018-11-05,17.21,18.25,16.42,17.75
AQST,2018-11-06,17.79,18.35,16.98,17.55
AQST,2018-11-07,17.36,18.28,17.36,17.91
AQST,2018-11-08,17.86,18.49,17.15,18.0
AQST,2018-11-09,18.03,18.45,16.96,17.0
AQST,2018-11-12,17.3,17.635,16.57,16.63
AQST,2018-11-13,16.69,17.7287,16.69,17.22
AQST,2018-11-14,17.24,17.6,16.8514,16.88
AQST,2018-11-15,16.93,17.21,16.21,16.81
AQST,2018-11-16,16.68,17.3,15.875,16.86
AQST,2018-11-19,16.65,18.0653,16.35,16.35
AQST,2018-11-20,16.19,16.2,12.6,13.19
AQST,2018-11-21,13.3,13.43,9.45,10.22
AQST,2018-11-23,10.22,10.39,9.78,10.2
AQST,2018-11-26,10.34,11.035,10.07,10.85
AQST,2018-11-27,10.71,10.71,9.11,9.31
AQST,2018-11-28,9.4,9.51,8.4157,8.95
AQST,2018-11-29,8.84,9.16,8.535,8.84
AQST,2018-11-30,8.88,9.072,7.905,8.59
AQST,2018-12-03,8.88,9.32,8.1001,8.16
AQST,2018-12-04,8.22,8.4623,7.47,7.55
AQST,2018-12-06,7.55,8.91,7.55,8.75
AQST,2018-12-07,8.67,8.9806,8.0538,8.25
AQST,2018-12-10,8.38,8.7765,7.6814,8.3
AQST,2018-12-11,8.48,8.88,8.1,8.58
AQST,2018-12-12,8.58,8.58,7.79,7.89
AQST,2018-12-13,7.89,8.115,7.7701,7.98
AQST,2018-12-14,7.95,7.98,7.33,7.39
AQST,2018-12-17,7.4,7.6579,7.021,7.3
AQST,2018-12-18,7.41,7.74,6.65,6.81
AQST,2018-12-19,6.76,7.835,6.76,6.9
AQST,2018-12-20,6.91,7.17,6.64,6.9
AQST,2018-12-21,6.91,6.96,6.38,6.51
AQST,2018-12-24,6.5,6.59,5.98,6.53
AQST,2018-12-26,6.5,6.87,6.19,6.84
AQST,2018-12-27,6.77,6.77,5.8,6.09
AQST,2018-12-28,6.14,6.3,5.86,6.16
AQST,2018-12-31,6.26,6.47,5.91,6.3
AQST,2019-01-02,6.09,7.4,6.09,7.18
AQST,2019-01-03,7.3,7.5,7.0,7.14
AQST,2019-01-04,7.27,8.21,7.22,7.96
AQST,2019-01-07,7.99,8.27,7.81,7.97
AQST,2019-01-08,8.11,8.11,7.601,7.9
AQST,2019-01-09,8.08,8.14,7.76,7.98
AQST,2019-01-10,7.94,7.94,7.16,7.54
AQST,2019-01-11,7.51,7.51,7.1301,7.47
AQST,2019-01-14,7.25,7.71,7.1,7.47
AQST,2019-01-15,7.56,8.04,7.49,7.68
AQST,2019-01-16,7.65,7.86,7.48,7.65
AQST,2019-01-17,7.65,8.01,7.65,7.74
AQST,2019-01-18,7.77,7.77,6.84,6.92
AQST,2019-01-22,7.02,7.77,7.02,7.56
AQST,2019-01-23,7.61,8.0,7.5,7.68
AQST,2019-01-24,7.64,7.8506,7.57,7.725
AQST,2019-01-25,7.72,8.05,7.68,7.92
AQST,2019-01-28,8.02,8.31,7.57,7.98
AQST,2019-01-29,7.98,8.295,7.44,7.68
AQST,2019-01-30,7.72,7.72,6.9,7.15
AQST,2019-01-31,6.0,6.9,5.6,6.13
AQST,2019-02-01,6.24,6.24,5.849,6.04
AQST,2019-02-04,6.05,6.05,5.64,5.88
AQST,2019-02-05,5.65,6.39,5.64,5.98
AQST,2019-02-06,6.0,6.15,5.91,5.95
AQST,2019-02-07,5.9,6.1,5.81,6.02
AQST,2019-02-08,5.97,6.32,5.9396,6.19
AQST,2019-02-11,6.18,6.25,5.85,5.9
AQST,2019-02-12,5.97,6.1153,5.85,6.03
AQST,2019-02-13,6.04,6.19,6.03,6.13
AQST,2019-02-14,6.12,6.7402,6.025,6.41
AQST,2019-02-15,6.42,6.75,6.36,6.66
AQST,2019-02-19,6.67,7.07,6.4,6.58
AQST,2019-02-20,6.58,6.93,6.19,6.31
AQST,2019-02-21,6.39,6.58,5.6,5.74
AQST,2019-02-22,5.75,6.55,5.75,6.48
AQST,2019-02-25,6.57,7.5,6.57,7.18
AQST,2019-02-26,7.32,7.8,6.8801,7.75
AQST,2019-02-27,7.75,8.5377,7.7135,8.04
AQST,2019-02-28,8.0,8.488,7.75,8.05
AQST,2019-03-01,8.1,8.17,7.03,7.43
AQST,2019-03-04,7.48,7.7699,6.66,7.14
AQST,2019-03-05,7.2,7.69,7.05,7.5
AQST,2019-03-06,7.49,7.62,7.25,7.5
AQST,2019-03-07,7.47,7.66,7.21,7.4
AQST,2019-03-08,7.3971,7.59,7.29,7.5
AQST,2019-03-11,7.51,8.05,7.5,7.77
AQST,2019-03-12,7.78,7.87,7.42,7.47
AQST,2019-03-13,7.51,7.76,7.43,7.58
AQST,2019-03-14,7.41,7.5066,6.03,6.37
AQST,2019-03-15,6.41,6.5996,6.32,6.49
AQST,2019-03-18,6.65,7.04,6.32,6.89
AQST,2019-03-19,6.96,7.216,6.8349,6.95
AQST,2019-03-20,6.96,7.005,6.72,6.98
AQST,2019-03-21,6.94,7.0,6.7497,6.95
AQST,2019-03-22,6.22,6.97,6.22,6.22
AQST,2019-03-25,6.26,6.6204,5.93,6.16
AQST,2019-03-26,6.13,6.61,5.99,6.13
AQST,2019-03-27,6.23,6.29,5.8921,6.12
AQST,2019-03-28,6.14,6.3,5.95,6.14
AQST,2019-03-29,6.15,6.95,6.147,6.91
AQST,2019-04-01,6.99,7.0151,6.46,6.71
AQST,2019-04-02,6.78,6.96,6.63,6.95
AQST,2019-04-03,6.9,7.1,6.7,6.78
AQST,2019-04-04,6.79,7.015,6.6,6.83
AQST,2019-04-05,6.89,6.89,6.4,6.55
AQST,2019-04-08,6.55,6.66,6.42,6.58
AQST,2019-04-09,6.56,6.74,6.3,6.31
AQST,2019-04-10,6.13,6.6375,6.06,6.28
AQST,2019-04-11,6.25,6.7885,6.12,6.18
AQST,2019-04-12,6.22,6.38,6.0,6.16
AQST,2019-04-15,6.14,6.181,5.91,6.04
AQST,2019-04-16,6.16,6.22,6.04,6.12
AQST,2019-04-17,6.15,6.3689,6.05,6.24
AQST,2019-04-18,6.21,6.47,6.16,6.29
AQST,2019-04-22,6.44,6.4499,6.06,6.23
AQST,2019-04-23,6.32,6.3746,6.07,6.15
AQST,2019-04-24,6.1,6.192,5.86,5.9
AQST,2019-04-25,5.9,6.33,5.51,5.6
AQST,2019-04-26,5.68,5.95,5.41,5.5
AQST,2019-04-29,5.53,5.83,5.4,5.78
AQST,2019-04-30,5.75,5.81,5.5678,5.71
AQST,2019-05-01,5.72,5.79,5.5005,5.58
AQST,2019-05-02,5.55,5.76,5.52,5.65
AQST,2019-05-03,5.68,5.9,5.58,5.85
AQST,2019-05-06,5.75,5.905,5.7,5.81
AQST,2019-05-07,5.74,5.74,5.3,5.45
AQST,2019-05-08,5.15,5.2,4.51,4.52
AQST,2019-05-09,4.52,5.05,4.5,4.83
AQST,2019-05-10,4.7,5.11,4.6768,5.04
AQST,2019-05-13,4.99,5.14,4.6,4.64
AQST,2019-05-14,4.69,5.0853,4.69,4.92
AQST,2019-05-15,4.92,5.37,4.87,5.35
AQST,2019-05-16,5.35,5.46,5.05,5.11
AQST,2019-05-17,5.11,5.24,4.85,5.05
AQST,2019-05-20,5.07,5.6,5.0,5.38
AQST,2019-05-21,5.43,5.5739,4.81,4.88
AQST,2019-05-22,4.88,5.19,4.38,4.62
AQST,2019-05-23,4.54,4.63,4.45,4.51
AQST,2019-05-24,4.5,4.5,4.12,4.23
AQST,2019-05-28,4.27,4.36,3.95,4.06
AQST,2019-05-29,4.03,4.09,3.9,3.98
AQST,2019-05-30,4.0,4.2292,3.94,4.03
AQST,2019-05-31,3.95,4.0,3.65,3.72
AQST,2019-06-03,3.74,4.14,3.67,4.11
AQST,2019-06-04,4.17,4.64,4.08,4.29
AQST,2019-06-05,4.3,4.43,4.03,4.08
AQST,2019-06-06,4.08,4.17,3.89,4.0
AQST,2019-06-07,4.05,4.19,3.78,3.82
AQST,2019-06-10,3.96,4.145,3.8675,4.1
AQST,2019-06-11,4.14,4.21,3.9,4.2
AQST,2019-06-12,4.2,4.2,3.91,4.19
AQST,2019-06-13,4.21,4.58,4.14,4.38
AQST,2019-06-14,4.38,4.48,4.11,4.19
AQST,2019-06-17,4.18,4.64,4.18,4.56
AQST,2019-06-18,4.58,4.82,4.56,4.78
AQST,2019-06-19,4.77,4.82,4.6,4.81
AQST,2019-06-20,4.86,4.98,4.255,4.27
AQST,2019-06-21,4.22,4.61,4.0501,4.22
AQST,2019-06-24,4.21,4.33,3.85,4.03
AQST,2019-06-25,4.04,4.31,4.03,4.2
AQST,2019-06-26,4.21,4.25,3.9,3.94
AQST,2019-06-27,4.0502,4.15,4.0,4.09
AQST,2019-06-28,4.1,4.47,4.1,4.2
AQST,2019-07-01,4.29,4.4685,4.12,4.21
AQST,2019-07-02,4.24,4.44,4.19,4.24
AQST,2019-07-03,4.26,4.76,4.21,4.59
AQST,2019-07-05,4.5,4.95,4.5,4.91
AQST,2019-07-08,4.88,4.88,4.41,4.72
AQST,2019-07-09,4.65,4.93,4.56,4.8
AQST,2019-07-10,4.81,4.82,4.21,4.29
AQST,2019-07-11,4.71,4.71,4.14,4.3
AQST,2019-07-12,4.34,4.42,4.17,4.29
AQST,2019-07-15,4.31,4.37,4.0,4.15
AQST,2019-07-16,4.26,4.35,4.08,4.27
AQST,2019-07-17,4.3,4.3,4.0,4.13
AQST,2019-07-18,4.12,4.18,3.94,4.12
AQST,2019-07-19,4.12,4.2,4.03,4.11
AQST,2019-07-22,4.15,4.15,3.8,3.82
AQST,2019-07-23,3.81,3.95,3.75,3.81
AQST,2019-07-24,3.86,4.05,3.7192,3.87
AQST,2019-07-25,3.85,3.85,3.54,3.6
AQST,2019-07-26,3.65,3.7862,3.53,3.65
AQST,2019-07-29,3.64,3.77,3.55,3.56
AQST,2019-07-30,3.54,3.56,3.4178,3.48
AQST,2019-07-31,3.48,3.59,3.41,3.41
AQST,2019-08-01,3.42,3.54,3.23,3.26
AQST,2019-08-02,3.25,3.5,3.1,3.31
AQST,2019-08-05,3.24,3.24,2.96,3.13
AQST,2019-08-06,3.07,3.17,3.04,3.15
AQST,2019-08-07,3.21,3.6,3.01,3.52
AQST,2019-08-08,3.54,3.99,3.54,3.87
AQST,2019-08-09,3.9999,4.0,3.64,3.84
AQST,2019-08-12,3.75,4.19,3.75,3.99
AQST,2019-08-13,4.045,4.1,3.8501,3.91
AQST,2019-08-14,3.81,3.86,3.52,3.53
AQST,2019-08-15,3.69,3.88,3.317,3.52
AQST,2019-08-16,3.55,3.81,3.5,3.81
AQST,2019-08-19,3.86,3.9799,3.55,3.71
AQST,2019-08-20,3.68,3.97,3.55,3.78
AQST,2019-08-21,3.905,4.37,3.8,4.04
AQST,2019-08-22,4.1,4.29,3.9,4.04
AQST,2019-08-23,3.97,4.125,3.82,3.85
AQST,2019-08-26,3.9,4.18,3.8894,3.99
AQST,2019-08-27,4.0609,4.1,3.8,3.83
AQST,2019-08-28,4.0,4.0,3.8,3.89
AQST,2019-08-29,3.93,4.13,3.85,4.0
AQST,2019-08-30,3.98,4.0423,3.75,3.8
AQST,2019-09-03,3.8,3.8909,3.54,3.72
AQST,2019-09-04,3.85,3.85,3.56,3.72
AQST,2019-09-05,3.64,3.75,3.48,3.57
AQST,2019-09-06,3.52,3.55,3.4,3.55
AQST,2019-09-09,3.49,3.57,3.31,3.36
AQST,2019-09-10,3.3,3.55,3.08,3.47
AQST,2019-09-11,3.55,3.72,3.41,3.6
AQST,2019-09-12,3.66,3.7,3.55,3.59
AQST,2019-09-13,3.52,3.5899,3.36,3.39
AQST,2019-09-16,3.37,3.57,3.36,3.54
AQST,2019-09-17,3.51,3.74,3.42,3.62
AQST,2019-09-18,3.6,3.64,3.48,3.49
AQST,2019-09-19,3.68,3.68,3.18,3.22
AQST,2019-09-20,3.27,3.39,3.11,3.11
AQST,2019-09-23,3.14,3.35,2.95,3.15
AQST,2019-09-24,3.14,3.25,3.07,3.11
AQST,2019-09-25,3.13,3.455,3.04,3.21
AQST,2019-09-26,3.24,3.2499,3.05,3.05
AQST,2019-09-27,3.08,3.1942,3.03,3.04
AQST,2019-09-30,3.12,3.32,3.06,3.18
AQST,2019-10-01,3.15,3.35,3.15,3.28
AQST,2019-10-02,3.2255,3.27,3.19,3.2
AQST,2019-10-03,3.21,3.26,3.07,3.16
AQST,2019-10-04,3.1005,3.219,3.05,3.16
AQST,2019-10-07,3.1049,3.21,3.03,3.09
AQST,2019-10-08,3.075,3.21,3.03,3.06
AQST,2019-10-09,3.03,3.3,3.03,3.26
AQST,2019-10-10,3.26,3.26,3.07,3.17
AQST,2019-10-11,3.26,3.26,3.15,3.23
AQST,2019-10-14,3.2,3.2519,3.11,3.18
AQST,2019-10-15,3.16,3.39,3.14,3.34
AQST,2019-10-16,3.39,3.66,3.27,3.42
AQST,2019-10-17,3.45,3.5,3.25,3.31
AQST,2019-10-18,3.34,3.36,3.14,3.35
AQST,2019-10-21,3.32,3.32,3.16,3.18
AQST,2019-10-22,3.23,3.25,3.12,3.21
AQST,2019-10-23,3.2199,3.24,3.03,3.24
AQST,2019-10-24,3.25,3.29,3.15,3.15
AQST,2019-10-25,3.2,3.3899,3.2,3.31
AQST,2019-10-28,3.44,4.1899,3.41,4.12
AQST,2019-10-29,4.18,4.4,3.9,4.03
AQST,2019-10-30,4.09,4.245,3.9632,4.08
AQST,2019-10-31,4.07,4.07,3.67,3.84
AQST,2019-11-01,3.7,4.3,3.7,4.09
AQST,2019-11-04,4.19,4.4099,4.16,4.26
AQST,2019-11-05,4.35,4.44,4.16,4.23
AQST,2019-11-06,4.33,5.74,4.33,5.23
AQST,2019-11-07,5.37,5.52,5.07,5.22
AQST,2019-11-08,5.16,5.58,5.16,5.4
AQST,2019-11-11,5.45,6.6499,5.45,5.985
AQST,2019-11-12,6.18,6.27,5.55,5.74
AQST,2019-11-13,6.15,6.19,5.63,5.86
AQST,2019-11-14,5.9,6.2,5.74,6.14
AQST,2019-11-15,6.14,6.14,5.78,6.0
AQST,2019-11-18,6.0,6.0899,5.2702,5.41
AQST,2019-11-19,5.47,5.87,5.36,5.44
AQST,2019-11-20,5.5,5.9,5.5,5.78
AQST,2019-11-21,5.88,6.29,5.72,6.2
AQST,2019-11-22,6.4,7.2,6.4,6.43
AQST,2019-11-25,7.24,8.1,6.89,7.54
AQST,2019-11-26,7.25,7.43,7.05,7.21
AQST,2019-11-27,7.2,7.5,6.9,7.27
AQST,2019-11-29,7.36,7.8898,7.3,7.79
AQST,2019-12-02,8.55,10.0,8.25,8.74
AQST,2019-12-03,8.6,8.9274,8.22,8.75
AQST,2019-12-04,8.82,8.82,8.07,8.78
AQST,2019-12-05,8.79,8.8,8.3,8.34
AQST,2019-12-06,8.3,8.4818,7.86,8.01
AQST,2019-12-09,8.08,8.306,7.73,7.73
AQST,2019-12-10,7.51,7.77,7.25,7.51
AQST,2019-12-11,6.8,8.13,6.5,7.7
AQST,2019-12-12,7.7,7.97,6.5,6.7
AQST,2019-12-13,5.27,5.59,5.1,5.27
AQST,2019-12-16,5.35,5.42,5.2,5.29
AQST,2019-12-17,5.29,5.44,5.16,5.38
AQST,2019-12-18,5.27,5.39,5.18,5.21
AQST,2019-12-19,5.23,5.49,5.1,5.44
AQST,2019-12-20,5.46,5.54,5.375,5.44
AQST,2019-12-23,5.49,5.56,5.34,5.48
AQST,2019-12-24,5.45,5.84,5.45,5.8
AQST,2019-12-26,5.82,6.16,5.76,6.1
AQST,2019-12-27,6.15,6.2193,5.5,5.535
AQST,2019-12-30,5.55,5.61,5.33,5.37
AQST,2019-12-31,5.35,5.89,5.32,5.82
AQST,2020-01-02,5.9,6.07,5.5165,6.03
AQST,2020-01-03,5.87,6.01,5.71,5.86
AQST,2020-01-06,5.8,5.884,5.62,5.84
AQST,2020-01-07,5.84,6.96,5.82,6.75
AQST,2020-01-08,6.76,6.9392,6.38,6.39
AQST,2020-01-09,6.43,6.6275,6.2,6.39
AQST,2020-01-10,6.67,6.75,6.43,6.61
AQST,2020-01-13,5.69,5.72,4.3,4.36
AQST,2020-01-14,4.37,4.4,4.07,4.17
AQST,2020-01-15,4.17,4.52,4.17,4.36
AQST,2020-01-16,4.41,4.45,4.06,4.14
AQST,2020-01-17,4.14,4.3,4.06,4.1
AQST,2020-01-21,4.15,4.15,3.77,4.1
AQST,2020-01-22,4.1,4.1,3.88,3.92
AQST,2020-01-23,3.92,4.02,3.81,3.97
AQST,2020-01-24,4.06,4.06,3.815,3.88
AQST,2020-01-27,3.82,3.985,3.76,3.9
AQST,2020-01-28,3.95,4.1,3.84,4.06
AQST,2020-01-29,4.04,4.1,3.93,4.0
AQST,2020-01-30,4.09,4.1196,3.79,4.01
AQST,2020-01-31,4.0,4.07,3.89,4.05
AQST,2020-02-03,4.07,4.17,3.95,3.95
AQST,2020-02-04,3.97,4.03,3.81,3.94
AQST,2020-02-05,3.97,4.02,3.89,4.02
AQST,2020-02-06,4.31,4.44,3.86,4.13
AQST,2020-02-07,4.15,4.17,3.86,3.96
AQST,2020-02-10,4.2,4.7699,3.99,4.67
AQST,2020-02-11,4.75,4.76,4.39,4.6
AQST,2020-02-12,4.6,4.6,4.25,4.48
AQST,2020-02-13,4.47,4.5,4.3,4.38
AQST,2020-02-14,4.4,4.525,4.3,4.38
AQST,2020-02-18,4.37,4.42,4.2,4.24
AQST,2020-02-19,4.28,4.3087,4.16,4.28
AQST,2020-02-20,4.22,4.5,4.21,4.4
AQST,2020-02-21,4.37,4.46,4.13,4.22
AQST,2020-02-24,4.15,4.15,3.96,4.09
AQST,2020-02-25,4.07,4.19,3.91,4.02
AQST,2020-02-26,4.01,4.12,3.9,3.98
AQST,2020-02-27,3.87,3.94,3.5,3.56
AQST,2020-02-28,3.2901,3.74,3.2701,3.73
AQST,2020-03-02,3.77,3.99,3.5,3.52
AQST,2020-03-03,3.52,3.79,3.51,3.66
AQST,2020-03-04,3.82,4.3202,3.73,4.24
AQST,2020-03-05,4.26,4.3595,4.0,4.14
AQST,2020-03-06,4.04,4.1,3.75,3.82
AQST,2020-03-09,3.57,3.635,3.1649,3.19
AQST,2020-03-10,3.44,3.48,3.11,3.44
AQST,2020-03-11,3.35,3.4,2.93,2.94
AQST,2020-03-12,2.35,2.52,1.61,1.92
AQST,2020-03-13,1.91,2.05,1.52,1.68
AQST,2020-03-16,1.5,1.82,1.41,1.54
AQST,2020-03-17,1.63,1.87,1.53,1.78
AQST,2020-03-18,1.77,1.8152,1.51,1.59
AQST,2020-03-19,1.56,1.79,1.55,1.76
AQST,2020-03-20,1.84,2.04,1.8,1.86
AQST,2020-03-23,1.86,1.99,1.8,1.83
AQST,2020-03-24,1.95,2.14,1.9,1.96
AQST,2020-03-25,2.0,2.14,1.8601,2.01
AQST,2020-03-26,2.0,2.16,1.94,2.02
AQST,2020-03-27,2.02,2.35,1.96,2.29
AQST,2020-03-30,2.33,2.44,2.15,2.27
AQST,2020-03-31,2.31,2.35,2.12,2.19
AQST,2020-04-01,2.15,2.15,1.9,1.95
AQST,2020-04-02,1.92,2.0,1.85,1.88
AQST,2020-04-03,1.91,2.04,1.75,1.84
AQST,2020-04-06,1.92,2.18,1.901,2.11
AQST,2020-04-07,2.21,2.25,2.02,2.06
AQST,2020-04-08,2.09,2.69,2.08,2.58
AQST,2020-04-09,2.64,3.1808,2.6398,2.89
AQST,2020-04-13,3.08,3.43,2.8,3.37
AQST,2020-04-14,3.7,3.92,3.52,3.75
AQST,2020-04-15,3.83,3.9,3.55,3.76
AQST,2020-04-16,3.85,3.95,3.55,3.69
AQST,2020-04-17,3.84,3.84,3.54,3.63
AQST,2020-04-20,3.6,3.84,3.5,3.6
AQST,2020-04-21,3.6,3.75,3.45,3.71
AQST,2020-04-22,3.8,3.8,3.52,3.53
AQST,2020-04-23,3.6,3.78,3.5301,3.65
AQST,2020-04-24,3.68,3.695,3.54,3.55
AQST,2020-04-27,3.69,4.3799,3.67,4.16
AQST,2020-04-28,4.35,4.48,4.17,4.35
AQST,2020-04-29,4.5,4.79,4.29,4.75
AQST,2020-04-30,4.77,4.77,4.29,4.31
AQST,2020-05-01,4.11,4.2144,3.8,4.17
AQST,2020-05-04,4.25,4.5,4.2101,4.5
AQST,2020-05-05,4.54,4.73,4.45,4.5
AQST,2020-05-06,4.5,4.6446,4.25,4.32
AQST,2020-05-07,4.41,4.76,4.39,4.68
AQST,2020-05-08,4.91,5.18,4.7,5.15
AQST,2020-05-11,5.31,5.9,5.26,5.8
AQST,2020-05-12,6.06,6.2994,5.65,5.69
AQST,2020-05-13,5.75,6.08,5.0,5.52
AQST,2020-05-14,5.43,5.7,5.1,5.42
AQST,2020-05-15,5.46,5.62,5.17,5.5
AQST,2020-05-18,6.01,6.8,6.0,6.44
AQST,2020-05-19,6.68,6.91,6.11,6.35
AQST,2020-05-20,6.46,6.6,5.92,6.18
AQST,2020-05-21,6.21,6.29,5.58,6.15
AQST,2020-05-22,6.53,6.7,5.62,5.75
AQST,2020-05-26,5.75,5.825,5.02,5.16
AQST,2020-05-27,5.165,5.2,4.7299,5.09
AQST,2020-05-28,5.11,5.19,4.91,4.99
AQST,2020-05-29,4.91,5.0286,4.73,4.87
AQST,2020-06-01,4.86,5.35,4.85,5.31
AQST,2020-06-02,5.31,5.59,5.03,5.47
AQST,2020-06-03,5.47,5.58,5.21,5.3
AQST,2020-06-04,5.21,5.32,5.0,5.14
AQST,2020-06-05,5.2,5.48,5.08,5.15
AQST,2020-06-08,5.15,5.48,5.12,5.245
AQST,2020-06-09,5.21,5.4,5.14,5.31
AQST,2020-06-10,5.33,5.3354,5.15,5.2
AQST,2020-06-11,4.98,5.09,4.68,4.76
AQST,2020-06-12,4.99,5.05,4.72,4.75
AQST,2020-06-15,4.66,5.26,4.62,5.2
AQST,2020-06-16,5.33,5.36,5.07,5.3
AQST,2020-06-17,5.27,5.3,5.1,5.22
AQST,2020-06-18,5.13,5.45,5.1,5.23
AQST,2020-06-19,5.31,5.49,5.22,5.46
AQST,2020-06-22,5.46,5.54,5.3214,5.41
AQST,2020-06-23,5.53,5.92,5.48,5.72
AQST,2020-06-24,5.63,5.82,5.198,5.26
AQST,2020-06-25,5.21,5.48,5.05,5.34
AQST,2020-06-26,5.26,5.325,4.955,5.03
AQST,2020-06-29,5.12,5.1538,4.8101,5.02
AQST,2020-06-30,4.97,5.02,4.75,4.86
AQST,2020-07-01,4.88,4.9539,4.69,4.74
AQST,2020-07-02,4.79,4.82,4.54,4.71
AQST,2020-07-06,4.89,4.9,4.63,4.72
AQST,2020-07-07,4.71,4.71,4.5495,4.58
AQST,2020-07-08,4.61,4.7,4.5,4.61
AQST,2020-07-09,4.64,4.679,4.33,4.54
AQST,2020-07-10,4.55,4.55,4.2,4.29
AQST,2020-07-13,4.44,4.4827,4.18,4.21
AQST,2020-07-14,4.18,4.24,3.99,4.125
AQST,2020-07-15,4.15,4.41,4.15,4.38
AQST,2020-07-16,4.35,4.37,4.175,4.35
AQST,2020-07-17,4.39,4.8,4.3534,4.72
AQST,2020-07-20,4.8,5.15,4.8,5.13
AQST,2020-07-21,5.19,5.2,4.985,5.01
AQST,2020-07-22,5.02,5.13,4.9,5.11
AQST,2020-07-23,5.15,5.58,5.02,5.13
AQST,2020-07-24,5.11,5.17,4.92,5.105
AQST,2020-07-27,5.19,5.37,5.05,5.26
AQST,2020-07-28,5.24,5.33,5.13,5.23
AQST,2020-07-29,5.23,5.28,5.04,5.135
AQST,2020-07-30,5.07,5.43,5.01,5.34
AQST,2020-07-31,5.34,5.4,5.11,5.26
AQST,2020-08-03,5.26,5.85,5.23,5.69
AQST,2020-08-04,5.69,5.89,5.39,5.49
AQST,2020-08-05,5.85,6.2,5.68,5.92
AQST,2020-08-06,6.04,6.19,5.935,6.065
AQST,2020-08-07,6.03,6.33,6.013,6.29
AQST,2020-08-10,6.43,7.11,6.43,6.95
AQST,2020-08-11,7.12,7.15,6.54,6.61
AQST,2020-08-12,6.78,6.8,6.32,6.41
AQST,2020-08-13,6.44,6.7832,6.31,6.62
AQST,2020-08-14,6.67,7.34,6.67,7.13
AQST,2020-08-17,7.3429,7.98,7.13,7.585
AQST,2020-08-18,7.67,8.35,7.5,8.1
AQST,2020-08-19,8.16,8.38,8.01,8.2
AQST,2020-08-20,8.22,8.95,8.1749,8.585
AQST,2020-08-21,8.608,8.6966,8.1178,8.21
AQST,2020-08-24,8.22,8.31,7.4548,7.89
AQST,2020-08-25,7.89,8.14,7.74,7.99
AQST,2020-08-26,8.0,8.38,7.94,8.105
AQST,2020-08-27,8.13,8.1476,7.52,7.82
AQST,2020-08-28,7.89,7.99,7.74,7.74
AQST,2020-08-31,7.8,7.97,7.48,7.86
AQST,2020-09-01,7.86,7.89,7.53,7.84
AQST,2020-09-02,7.86,7.93,7.61,7.81
AQST,2020-09-03,7.76,7.88,6.82,7.2
AQST,2020-09-04,7.3,7.4299,6.65,7.23
AQST,2020-09-08,7.06,7.82,6.97,7.54
AQST,2020-09-09,7.65,8.47,7.6277,8.385
AQST,2020-09-10,8.46,8.97,8.46,8.66
AQST,2020-09-11,8.86,9.465,8.66,9.09
AQST,2020-09-14,9.1783,9.32,8.27,8.61
AQST,2020-09-15,8.36,8.5899,8.09,8.2
AQST,2020-09-16,8.1,8.31,7.78,7.82
AQST,2020-09-17,7.74,8.9344,7.59,8.91
AQST,2020-09-18,9.03,9.1,8.61,9.05
AQST,2020-09-21,8.95,9.09,8.52,8.86
AQST,2020-09-22,8.97,8.9998,8.2,8.48
AQST,2020-09-23,8.49,8.6,7.85,8.02
AQST,2020-09-24,7.85,8.17,7.34,7.79
AQST,2020-09-25,7.89,8.04,7.4,7.61
AQST,2020-09-28,5.03,5.46,4.72,4.97
AQST,2020-09-29,5.06,5.06,4.4,4.41
AQST,2020-09-30,4.54,5.215,4.5301,4.855
AQST,2020-10-01,4.99,5.0,4.5099,4.65
AQST,2020-10-02,4.43,4.9,4.38,4.67
AQST,2020-10-05,4.7,4.85,4.66,4.82
AQST,2020-10-06,4.85,4.8955,4.67,4.76
AQST,2020-10-07,4.78,4.83,4.65,4.67
AQST,2020-10-08,4.75,4.81,4.64,4.74
AQST,2020-10-09,4.76,4.84,4.7258,4.83
AQST,2020-10-12,4.9,4.93,4.7,4.71
AQST,2020-10-13,4.78,5.2,4.7,5.05
AQST,2020-10-14,5.09,5.1299,4.81,4.89
AQST,2020-10-15,4.84,5.0,4.72,5.0
AQST,2020-10-16,4.95,5.1607,4.9493,5.03
AQST,2020-10-19,5.05,5.54,5.05,5.38
AQST,2020-10-20,5.46,5.5,5.07,5.32
AQST,2020-10-21,5.3,5.3173,5.02,5.17
AQST,2020-10-22,5.2,5.34,5.1,5.32
AQST,2020-10-23,5.33,5.38,5.19,5.26
AQST,2020-10-26,5.23,5.38,5.045,5.11
AQST,2020-10-27,5.12,5.45,5.02,5.4
AQST,2020-10-28,5.26,5.26,4.9,5.15
AQST,2020-10-29,5.13,5.24,5.01,5.21
AQST,2020-10-30,5.14,5.1699,4.76,4.84
AQST,2020-11-02,4.88,4.9315,4.65,4.8
AQST,2020-11-03,5.04,5.4,4.91,5.3
AQST,2020-11-04,5.3,5.61,5.21,5.28
AQST,2020-11-05,5.05,5.5,4.85,5.49
AQST,2020-11-06,5.43,5.7,5.2,5.63
AQST,2020-11-09,5.64,5.88,5.5,5.56
AQST,2020-11-10,5.68,6.4,5.68,6.36
AQST,2020-11-11,6.44,6.48,6.1,6.36
AQST,2020-11-12,6.33,6.75,6.25,6.42
AQST,2020-11-13,6.35,6.41,5.72,6.14
AQST,2020-11-16,6.05,6.3,6.0,6.23
AQST,2020-11-17,6.18,6.34,6.11,6.2
AQST,2020-11-18,6.25,6.35,6.13,6.27
AQST,2020-11-19,6.5,7.4,6.5,7.21
AQST,2020-11-20,7.16,7.23,6.72,6.74
AQST,2020-11-23,7.0,7.08,6.7,6.78
AQST,2020-11-24,6.82,6.88,6.4,6.62
AQST,2020-11-25,6.6,6.78,6.51,6.74
AQST,2020-11-27,6.74,7.11,6.71,7.05
AQST,2020-11-30,7.0,7.12,6.7,7.06
AQST,2020-12-01,7.12,7.12,6.77,6.89
AQST,2020-12-02,6.9,7.0,6.71,6.72
AQST,2020-12-03,6.81,6.94,6.72,6.86
AQST,2020-12-04,6.9735,6.9735,6.79,6.87
AQST,2020-12-07,6.88,6.98,6.72,6.81
AQST,2020-12-08,6.77,7.3388,6.73,7.2
AQST,2020-12-09,7.24,7.64,7.18,7.61
AQST,2020-12-10,7.53,7.99,7.38,7.79
AQST,2020-12-11,7.76,8.03,7.5,7.64
AQST,2020-12-14,7.69,7.81,7.5,7.57
AQST,2020-12-15,7.61,8.06,7.54,7.76
AQST,2020-12-16,7.77,7.99,7.29,7.34
AQST,2020-12-17,7.23,7.4734,6.02,7.32
AQST,2020-12-18,7.25,7.25,6.675,6.92
AQST,2020-12-21,6.75,6.93,6.51,6.56
AQST,2020-12-22,6.63,6.68,6.43,6.49
AQST,2020-12-23,6.49,6.82,6.18,6.68
AQST,2020-12-24,6.61,6.68,6.24,6.37
AQST,2020-12-28,6.42,6.46,5.57,5.7
AQST,2020-12-29,5.81,5.8298,5.33,5.55
AQST,2020-12-30,5.47,5.4829,5.05,5.35
AQST,2020-12-31,5.35,5.36,5.15,5.35
AQST,2021-01-04,5.4,5.5696,5.27,5.54
AQST,2021-01-05,5.54,5.98,5.34,5.93
AQST,2021-01-06,5.9,6.02,5.47,5.54
AQST,2021-01-07,5.7,5.98,5.54,5.72
AQST,2021-01-08,5.72,5.73,5.3,5.35
AQST,2021-01-11,5.2639,5.51,5.0,5.34
AQST,2021-01-12,5.46,5.46,5.18,5.27
AQST,2021-01-13,5.34,5.47,5.12,5.29
AQST,2021-01-14,5.32,5.75,5.27,5.52
AQST,2021-01-15,5.55,5.59,5.24,5.33
AQST,2021-01-19,5.45,5.5399,5.32,5.44
AQST,2021-01-20,5.52,5.55,5.23,5.48
AQST,2021-01-21,5.55,5.8,5.33,5.62
AQST,2021-01-22,5.64,5.7189,5.48,5.67
AQST,2021-01-25,5.72,5.82,5.4,5.65
AQST,2021-01-26,5.71,5.72,5.42,5.53
AQST,2021-01-27,5.4,5.58,5.2,5.51
AQST,2021-01-28,5.48,5.55,5.0803,5.14
AQST,2021-01-29,5.21,5.465,5.1,5.29
AQST,2021-02-01,5.28,5.43,5.24,5.29
AQST,2021-02-02,5.3,5.55,5.25,5.4
AQST,2021-02-03,5.4564,6.1699,5.41,5.65
AQST,2021-02-04,5.73,5.9715,5.62,5.94
AQST,2021-02-05,6.0886,6.13,5.8602,6.055
AQST,2021-02-08,6.2,6.63,6.1,6.59
AQST,2021-02-09,6.5035,6.75,6.4,6.68
AQST,2021-02-10,6.75,6.9967,6.41,6.73
AQST,2021-02-11,6.79,6.8,6.05,6.27
AQST,2021-02-12,6.26,6.62,6.1601,6.28
AQST,2021-02-16,6.37,6.4,5.83,5.87
AQST,2021-02-17,5.9,5.92,5.42,5.81
AQST,2021-02-18,5.74,5.8,5.35,5.4
AQST,2021-02-19,5.48,5.8,5.42,5.65
AQST,2021-02-22,5.63,5.6978,5.36,5.41
AQST,2021-02-23,5.1815,5.3879,4.8,5.27
AQST,2021-02-24,5.43,5.57,5.38,5.485
AQST,2021-02-25,5.43,5.4999,4.9508,5.04
AQST,2021-02-26,5.05,5.07,4.58,4.58
AQST,2021-03-01,4.85,5.345,4.75,5.29
AQST,2021-03-02,5.43,5.53,4.86,4.98
AQST,2021-03-03,5.3,5.5,4.69,4.73
AQST,2021-03-04,4.62,4.78,4.11,4.22
AQST,2021-03-05,4.49,4.58,3.9,4.41
AQST,2021-03-08,4.44,4.49,4.2,4.26
AQST,2021-03-09,4.37,4.67,4.3327,4.47
AQST,2021-03-10,4.43,4.92,4.4,4.75
AQST,2021-03-11,4.89,5.31,4.85,5.3
AQST,2021-03-12,5.24,5.38,5.02,5.31
AQST,2021-03-15,5.26,5.66,5.21,5.56
AQST,2021-03-16,5.58,5.58,5.15,5.23
AQST,2021-03-17,5.02,5.49,5.02,5.4
AQST,2021-03-18,5.35,5.43,5.11,5.12
AQST,2021-03-19,5.12,5.24,5.0,5.17
AQST,2021-03-22,5.15,5.19,4.975,4.98
AQST,2021-03-23,4.91,4.995,4.67,4.75
AQST,2021-03-24,4.83,4.8499,4.33,4.36
AQST,2021-03-25,4.26,4.585,4.2101,4.49
AQST,2021-03-26,4.49,4.5227,4.17,4.3
AQST,2021-03-29,4.29,4.32,4.08,4.17
AQST,2021-03-30,4.15,4.72,3.97,4.49
AQST,2021-03-31,4.65,5.43,4.54,5.2
AQST,2021-04-01,5.28,5.349,4.93,5.14
AQST,2021-04-05,5.25,5.27,5.01,5.21
AQST,2021-04-06,5.2,5.2,4.92,4.96
AQST,2021-04-07,4.98,5.34,4.7,4.73
AQST,2021-04-08,4.8,4.89,4.64,4.75
AQST,2021-04-09,4.8,4.85,4.65,4.68
AQST,2021-04-12,4.69,4.74,4.27,4.34
AQST,2021-04-13,4.34,4.43,4.2501,4.35
AQST,2021-04-14,4.4176,4.62,4.35,4.37
AQST,2021-04-15,4.4,4.54,4.23,4.34
AQST,2021-04-16,4.33,4.34,4.16,4.24
AQST,2021-04-19,4.1929,4.25,4.04,4.14
AQST,2021-04-20,4.1,4.15,3.91,3.92
AQST,2021-04-21,3.93,4.27,3.85,4.26
AQST,2021-04-22,4.25,4.35,4.09,4.18
AQST,2021-04-23,4.2069,4.25,4.07,4.11
AQST,2021-04-26,4.13,4.25,4.0822,4.24
AQST,2021-04-27,4.28,4.28,4.13,4.18
AQST,2021-04-28,4.15,4.22,4.09,4.15
AQST,2021-04-29,4.18,4.24,4.03,4.23
AQST,2021-04-30,4.115,4.25,4.05,4.07
AQST,2021-05-03,4.1,4.1272,3.92,3.98
AQST,2021-05-04,3.96,3.9611,3.57,3.65
AQST,2021-05-05,3.85,3.9,3.73,3.85
AQST,2021-05-06,3.88,3.89,3.46,3.51
AQST,2021-05-07,3.5053,3.67,3.38,3.42
AQST,2021-05-10,3.44,3.63,3.27,3.45
AQST,2021-05-11,3.35,3.5,3.22,3.35
AQST,2021-05-12,3.4,3.54,3.31,3.33
AQST,2021-05-13,3.393,3.4,3.17,3.29
AQST,2021-05-14,3.27,3.45,3.2,3.43
AQST,2021-05-17,3.44,3.5669,3.35,3.48
AQST,2021-05-18,3.48,3.69,3.38,3.555
AQST,2021-05-19,3.48,3.51,3.39,3.43
AQST,2021-05-20,3.482,3.52,3.35,3.46
AQST,2021-05-21,3.49,3.52,3.36,3.36
AQST,2021-05-24,3.38,3.44,3.34,3.43
AQST,2021-05-25,3.44,3.489,3.34,3.38
AQST,2021-05-26,3.38,3.605,3.37,3.57
AQST,2021-05-27,3.64,3.85,3.63,3.67
AQST,2021-05-28,3.72,3.9,3.7,3.71
AQST,2021-06-01,3.76,3.8,3.61,3.76
AQST,2021-06-02,3.75,3.8985,3.71,3.81
AQST,2021-06-03,3.79,3.84,3.65,3.71
AQST,2021-06-04,3.7,3.78,3.65,3.7
AQST,2021-06-07,3.74,3.96,3.7,3.88
AQST,2021-06-08,3.97,3.98,3.77,3.93
AQST,2021-06-09,3.99,4.2,3.95,4.09
AQST,2021-06-10,4.07,4.14,3.92,4.07
AQST,2021-06-11,4.09,4.34,4.0,4.23
AQST,2021-06-14,4.24,4.3384,4.15,4.16
AQST,2021-06-15,4.17,4.19,3.97,4.04
AQST,2021-06-16,4.03,4.12,3.89,4.1
AQST,2021-06-17,4.1,4.19,4.01,4.06
AQST,2021-06-18,4.05,4.09,3.94,4.07
AQST,2021-06-21,4.12,4.12,3.86,3.99
AQST,2021-06-22,3.98,4.15,3.92,4.15
AQST,2021-06-23,4.11,4.47,4.1,4.44
AQST,2021-06-24,4.58,4.59,4.23,4.32
AQST,2021-06-25,4.33,4.41,4.07,4.12
AQST,2021-06-28,4.25,4.25,4.0,4.1
AQST,2021-06-29,4.08,4.12,3.93,4.01
AQST,2021-06-30,4.0,4.0099,3.92,3.97
AQST,2021-07-01,3.99,3.99,3.85,3.91
AQST,2021-07-02,3.91,3.94,3.75,3.81
AQST,2021-07-06,3.79,3.7928,3.5,3.53
AQST,2021-07-07,3.56,3.56,3.35,3.51
AQST,2021-07-08,3.4,3.53,3.3503,3.52
AQST,2021-07-09,3.54,3.66,3.4886,3.64
AQST,2021-07-12,3.63,3.77,3.57,3.77
AQST,2021-07-13,3.73,3.79,3.699,3.71
AQST,2021-07-14,3.78,3.78,3.4718,3.5
AQST,2021-07-15,3.5,3.5,3.34,3.41
AQST,2021-07-16,3.43,3.5,3.31,3.32
AQST,2021-07-19,3.44,3.68,3.33,3.58
AQST,2021-07-20,3.57,3.7,3.47,3.68
AQST,2021-07-21,3.66,3.88,3.61,3.77
AQST,2021-07-22,3.77,3.83,3.66,3.76
AQST,2021-07-23,3.77,3.77,3.55,3.58
AQST,2021-07-26,3.68,3.68,3.5,3.5
AQST,2021-07-27,3.5,3.52,3.32,3.38
AQST,2021-07-28,3.37,3.55,3.36,3.51
AQST,2021-07-29,3.53,3.59,3.42,3.45
AQST,2021-07-30,3.42,3.45,3.1,3.25
AQST,2021-08-02,3.28,3.34,3.2,3.31
AQST,2021-08-03,3.36,3.41,3.2,3.25
AQST,2021-08-04,3.4844,3.9199,3.42,3.68
AQST,2021-08-05,3.6548,3.6548,3.5,3.57
AQST,2021-08-06,3.55,3.75,3.5302,3.71
AQST,2021-08-09,3.6651,3.96,3.66,3.83
AQST,2021-08-10,3.84,3.95,3.77,3.85
AQST,2021-08-11,3.86,3.86,3.62,3.65
AQST,2021-08-12,3.63,3.82,3.57,3.82
AQST,2021-08-13,3.78,4.1,3.7671,3.93
AQST,2021-08-16,3.87,4.01,3.8,3.82
AQST,2021-08-17,3.8207,3.8207,3.7,3.73
AQST,2021-08-18,3.75,3.7998,3.64,3.71
AQST,2021-08-19,3.68,3.75,3.58,3.62
AQST,2021-08-20,3.62,3.7,3.6,3.65
AQST,2021-08-23,3.74,3.9178,3.7,3.77
AQST,2021-08-24,3.8,3.9802,3.77,3.9
AQST,2021-08-25,3.88,4.08,3.85,3.97
AQST,2021-08-26,3.99,4.15,3.92,3.96
AQST,2021-08-27,3.94,4.14,3.94,4.04
AQST,2021-08-30,4.13,4.68,4.13,4.66
AQST,2021-08-31,4.6,4.6,4.301,4.58
AQST,2021-09-01,4.5678,4.8,4.42,4.63
AQST,2021-09-02,4.67,4.78,4.56,4.62
AQST,2021-09-03,4.66,4.75,4.39,4.53
AQST,2021-09-07,4.63,4.6308,4.46,4.5
AQST,2021-09-08,4.51,4.55,4.21,4.26
AQST,2021-09-09,4.45,4.535,4.11,4.5
AQST,2021-09-10,4.51,4.53,4.28,4.43
AQST,2021-09-13,4.48,4.52,4.32,4.34
AQST,2021-09-14,4.34,4.3776,4.13,4.2
AQST,2021-09-15,4.17,4.28,4.09,4.16
AQST,2021-09-16,4.16,4.24,4.0767,4.15
AQST,2021-09-17,4.18,4.29,4.0861,4.17
AQST,2021-09-20,4.07,4.19,4.0058,4.04
AQST,2021-09-21,4.05,4.32,4.03,4.22
AQST,2021-09-22,4.1678,4.43,4.1678,4.43
AQST,2021-09-23,4.34,4.53,4.33,4.49
AQST,2021-09-24,4.48,4.55,4.32,4.33
AQST,2021-09-27,4.36,4.57,4.32,4.52
AQST,2021-09-28,4.47,4.62,4.35,4.53
AQST,2021-09-29,4.53,4.53,4.31,4.41
AQST,2021-09-30,4.45,4.45,4.32,4.36
AQST,2021-10-01,4.35,4.35,4.25,4.27
AQST,2021-10-04,4.23,4.23,4.0,4.06
AQST,2021-10-05,4.08,4.14,4.02,4.09
AQST,2021-10-06,4.06,4.1,3.95,3.96
AQST,2021-10-07,3.9964,4.03,3.77,3.84
AQST,2021-10-08,3.9998,3.9998,3.67,3.69
AQST,2021-10-11,3.69,3.85,3.68,3.76
AQST,2021-10-12,3.77,3.9,3.67,3.77
AQST,2021-10-13,3.8,3.9718,3.7647,3.94
AQST,2021-10-14,3.98,3.99,3.82,3.84
AQST,2021-10-15,3.86,3.94,3.82,3.87
AQST,2021-10-18,4.0,4.16,3.9765,4.07
AQST,2021-10-19,4.09,4.28,4.03,4.24
AQST,2021-10-20,4.2,4.6,4.1235,4.39
AQST,2021-10-21,4.44,4.68,4.37,4.47
AQST,2021-10-22,4.4,4.504,4.18,4.33
AQST,2021-10-25,4.34,4.75,4.311,4.67
AQST,2021-10-26,4.69,5.04,4.53,4.95
AQST,2021-10-27,4.95,5.05,4.82,5.02
AQST,2021-10-28,5.04,5.12,4.97,5.05
AQST,2021-10-29,5.02,5.16,4.9711,5.14
AQST,2021-11-01,5.2,5.35,5.05,5.24
AQST,2021-11-02,5.3,5.38,5.065,5.36
AQST,2021-11-03,5.43,6.0,5.26,5.9
AQST,2021-11-04,5.89,6.2,5.83,6.04
AQST,2021-11-05,6.03,6.03,5.64,5.8
AQST,2021-11-08,5.77,6.29,5.7401,6.17
AQST,2021-11-09,6.195,6.2675,5.89,6.23
AQST,2021-11-10,6.18,6.37,6.03,6.14
AQST,2021-11-11,6.17,6.37,6.13,6.15
AQST,2021-11-12,6.19,6.31,6.03,6.29
AQST,2021-11-15,6.3,6.38,6.08,6.1
AQST,2021-11-16,6.11,6.12,5.845,6.02
AQST,2021-11-17,6.01,6.01,5.78,5.82
AQST,2021-11-18,5.82,5.87,5.235,5.55
AQST,2021-11-19,5.54,6.1,5.41,5.97
AQST,2021-11-22,5.95,6.08,5.78,6.02
AQST,2021-11-23,6.02,6.05,5.8502,5.99
AQST,2021-11-24,5.92,6.31,5.91,6.24
AQST,2021-11-26,6.1,6.4,6.05,6.37
AQST,2021-11-29,6.38,6.4,6.03,6.08
AQST,2021-11-30,6.17,6.22,5.77,5.9
AQST,2021-12-01,5.98,6.19,5.61,5.69
AQST,2021-12-02,5.68,5.8,5.34,5.38
AQST,2021-12-03,5.4,5.4705,4.75,4.84
AQST,2021-12-06,4.74,4.9242,4.56,4.8
AQST,2021-12-07,4.96,5.36,4.93,5.23
AQST,2021-12-08,5.27,5.57,5.11,5.45
AQST,2021-12-09,5.42,5.485,5.12,5.19
AQST,2021-12-10,5.2,5.2942,4.98,5.01
AQST,2021-12-13,5.07,5.14,4.95,5.01
AQST,2021-12-14,5.03,5.211,4.99,5.05
AQST,2021-12-15,5.01,5.26,4.85,5.25
AQST,2021-12-16,5.37,5.86,5.32,5.49
AQST,2021-12-17,5.53,5.78,5.35,5.7
AQST,2021-12-20,5.8697,6.25,5.61,6.22
AQST,2021-12-21,4.31,4.68,4.04,4.4
AQST,2021-12-22,4.4,4.4,4.05,4.1
AQST,2021-12-23,4.09,4.12,3.83,4.03
AQST,2021-12-27,3.975,4.18,3.91,3.96
AQST,2021-12-28,3.95,4.08,3.89,3.92
AQST,2021-12-29,3.93,3.94,3.79,3.84
AQST,2021-12-30,3.86,4.02,3.86,3.94
AQST,2021-12-31,3.9508,4.08,3.8701,3.89
AQST,2022-01-03,3.95,4.29,3.81,4.26
AQST,2022-01-04,4.28,4.28,4.045,4.09
AQST,2022-01-05,4.06,4.24,3.9,3.915
AQST,2022-01-06,3.92,3.94,3.74,3.88
AQST,2022-01-07,3.9,3.93,3.83,3.86
AQST,2022-01-10,3.84,3.86,3.7,3.85
AQST,2022-01-11,3.81,4.09,3.8,3.95
AQST,2022-01-12,3.95,3.99,3.88,3.9
AQST,2022-01-13,3.9,3.9,3.66,3.67
AQST,2022-01-14,3.68,3.7,3.48,3.69
AQST,2022-01-18,3.65,3.6501,3.52,3.56
AQST,2022-01-19,3.55,3.59,3.44,3.45
AQST,2022-01-20,3.45,3.54,3.3,3.3
AQST,2022-01-21,3.22,3.24,2.895,2.95
AQST,2022-01-24,2.89,2.92,2.595,2.9
AQST,2022-01-25,2.84,3.0195,2.84,2.93
AQST,2022-01-26,2.97,2.9746,2.69,2.7
AQST,2022-01-27,2.77,2.8091,2.53,2.57
AQST,2022-01-28,2.6,2.6406,2.48,2.54
AQST,2022-01-31,2.55,2.73,2.55,2.72
AQST,2022-02-01,2.77,2.88,2.67,2.84
AQST,2022-02-02,2.86,2.86,2.63,2.65
AQST,2022-02-03,2.66,2.6754,2.53,2.53
AQST,2022-02-04,2.53,2.6,2.48,2.59
AQST,2022-02-07,2.63,2.64,2.5202,2.6
AQST,2022-02-08,2.63,2.63,2.52,2.57
AQST,2022-02-09,2.61,2.765,2.6,2.73
AQST,2022-02-10,2.67,2.7798,2.6,2.64
AQST,2022-02-11,2.64,2.67,2.48,2.53
AQST,2022-02-14,2.49,2.5998,2.465,2.48
AQST,2022-02-15,2.55,2.65,2.5101,2.62
AQST,2022-02-16,2.6,2.69,2.58,2.66
AQST,2022-02-17,2.63,2.695,2.575,2.62
AQST,2022-02-18,2.55,2.59,2.41,2.44
AQST,2022-02-22,2.44,2.44,2.24,2.29
AQST,2022-02-23,2.33,2.4,2.26,2.28
AQST,2022-02-24,2.08,2.4899,2.0201,2.48
AQST,2022-02-25,2.59,2.8667,2.57,2.78
AQST,2022-02-28,2.77,2.8799,2.6559,2.79
AQST,2022-03-01,2.86,3.04,2.82,2.88
AQST,2022-03-02,2.95,2.98,2.85,2.9
AQST,2022-03-03,3.05,3.19,2.95,3.04
AQST,2022-03-04,3.01,3.0328,2.86,2.9
AQST,2022-03-07,2.9,2.99,2.8495,2.94
AQST,2022-03-08,2.92,2.94,2.75,2.82
AQST,2022-03-09,2.67,2.935,2.62,2.8
AQST,2022-03-10,2.73,2.74,2.5,2.55
AQST,2022-03-11,2.54,2.68,2.54,2.57
AQST,2022-03-14,2.55,2.56,2.33,2.35
AQST,2022-03-15,2.38,2.55,2.38,2.52
AQST,2022-03-16,2.54,2.642,2.5,2.61
AQST,2022-03-17,2.8338,2.95,2.71,2.88
AQST,2022-03-18,2.82,2.89,2.72,2.74
AQST,2022-03-21,2.79,2.815,2.66,2.75
AQST,2022-03-22,2.77,2.88,2.711,2.86
AQST,2022-03-23,2.84,2.925,2.785,2.86
AQST,2022-03-24,2.88,2.94,2.81,2.91
AQST,2022-03-25,2.85,2.89,2.76,2.78
AQST,2022-03-28,2.78,2.805,2.59,2.63
AQST,2022-03-29,2.63,2.78,2.63,2.7
AQST,2022-03-30,2.72,2.78,2.63,2.68
AQST,2022-03-31,2.67,2.68,2.61,2.61
AQST,2022-04-01,2.68,2.68,2.56,2.57
AQST,2022-04-04,2.57,2.66,2.435,2.47
AQST,2022-04-05,2.45,2.64,2.44,2.5
AQST,2022-04-06,2.5,2.505,2.4,2.48
AQST,2022-04-07,2.49,2.5137,2.39,2.41
AQST,2022-04-08,2.38,2.43,2.27,2.29
AQST,2022-04-11,2.29,2.29,2.1285,2.16
AQST,2022-04-12,2.12,2.26,2.04,2.16
AQST,2022-04-13,2.16,2.39,2.07,2.22
AQST,2022-04-14,2.24,2.24,2.0601,2.09
AQST,2022-04-18,2.06,2.1399,1.91,1.91
AQST,2022-04-19,1.92,2.12,1.92,2.09
AQST,2022-04-20,2.12,2.1699,2.0097,2.13
AQST,2022-04-21,2.15,2.17,2.01,2.05
AQST,2022-04-22,2.02,2.08,1.95,2.0
AQST,2022-04-25,1.99,2.0345,1.89,1.91
AQST,2022-04-26,1.92,1.935,1.69,1.69
AQST,2022-04-27,1.73,1.7324,1.54,1.57
AQST,2022-04-28,1.61,1.63,1.3201,1.39
AQST,2022-04-29,1.4,1.48,1.38,1.4
AQST,2022-05-02,1.4,1.47,1.38,1.41
AQST,2022-05-03,1.41,1.466,1.36,1.37
AQST,2022-05-04,1.39,1.45,1.2531,1.42
AQST,2022-05-05,1.39,1.4,1.265,1.27
AQST,2022-05-06,1.25,1.2676,1.17,1.21
AQST,2022-05-09,1.18,1.18,1.02,1.03
AQST,2022-05-10,1.11,1.15,1.01,1.13
AQST,2022-05-11,1.15,1.15,1.0,1.0
AQST,2022-05-12,1.0,1.1,0.97,1.07
AQST,2022-05-13,1.07,1.25,1.07,1.23
AQST,2022-05-16,1.23,1.32,1.22,1.25
AQST,2022-05-17,1.29,1.34,1.19,1.21
AQST,2022-05-18,1.2,1.2234,1.14,1.17
AQST,2022-05-19,1.16,1.22,1.12,1.12
AQST,2022-05-20,1.13,1.1648,1.04,1.05
AQST,2022-05-23,1.08,1.11,1.04,1.04
AQST,2022-05-24,1.05,1.0598,1.0,1.0
AQST,2022-05-25,1.01,1.06,0.9576,0.99
AQST,2022-05-26,1.04,1.04,0.96,0.98
AQST,2022-05-27,1.0,1.04,0.972,1.03
AQST,2022-05-31,1.03,1.07,0.99,0.994
AQST,2022-06-01,1.0,1.03,0.96,0.9771
AQST,2022-06-02,0.99,1.0,0.9451,0.95
AQST,2022-06-03,0.9507,0.98,0.928936,0.96
AQST,2022-06-06,0.91,1.0,0.86,0.8867
AQST,2022-06-07,0.91,0.9171,0.87,0.8802
AQST,2022-06-08,0.93,0.93,0.875,0.9019
AQST,2022-06-09,0.91,0.9535,0.905,0.9116
AQST,2022-06-10,0.91,0.94,0.85,0.8631
AQST,2022-06-13,0.9,0.9,0.801,0.8198
AQST,2022-06-14,0.8141,0.89,0.8029,0.835
AQST,2022-06-15,0.845,0.8938,0.835,0.8842
AQST,2022-06-16,0.86,0.9,0.712,0.7268
AQST,2022-06-17,0.7499,0.76,0.7,0.7061
AQST,2022-06-21,0.71,0.757,0.65,0.7159
AQST,2022-06-22,0.68,0.741,0.68,0.7132
AQST,2022-06-23,0.703,0.773,0.7,0.7603
AQST,2022-06-24,0.7739,0.79,0.7,0.74
AQST,2022-06-27,0.785,0.79,0.722354,0.7494
AQST,2022-06-28,0.755,0.7599,0.72,0.7317
AQST,2022-06-29,0.73,0.73,0.6701,0.6877
AQST,2022-06-30,0.68,0.68,0.626,0.6398
AQST,2022-07-01,0.6398,0.654,0.618,0.63
AQST,2022-07-05,0.64,0.726,0.62,0.72
AQST,2022-07-06,0.72,0.7395,0.6948,0.728
AQST,2022-07-07,0.728,0.76,0.728,0.7585
AQST,2022-07-08,0.77,0.773001,0.7202,0.7572
AQST,2022-07-11,0.76,0.91,0.737,0.82
AQST,2022-07-12,0.85,0.8505,0.78,0.796
AQST,2022-07-13,0.79,0.8755,0.78,0.838
AQST,2022-07-14,0.84,0.8498,0.79,0.8147
AQST,2022-07-15,0.8257,0.887,0.8,0.8695
AQST,2022-07-18,0.86,0.9,0.825,0.831
AQST,2022-07-19,0.86,0.92,0.832,0.91
AQST,2022-07-20,0.92,0.98,0.9154,0.9666
AQST,2022-07-21,0.98,1.0297,0.95,1.0
AQST,2022-07-22,1.03,1.03,0.87,0.9105
AQST,2022-07-25,0.91,0.92,0.8501,0.863
AQST,2022-07-26,0.86,0.887,0.8,0.805
AQST,2022-07-27,0.84,0.86,0.8001,0.848
AQST,2022-07-28,0.8415,0.86,0.8,0.829
AQST,2022-07-29,0.82,0.8659,0.81,0.822
AQST,2022-08-01,0.84,0.8885,0.81,0.8571
AQST,2022-08-02,0.87,0.891,0.86,0.8797
AQST,2022-08-03,0.92,0.9214,0.8076,0.838
AQST,2022-08-04,0.838,0.8796,0.8202,0.8502
AQST,2022-08-05,0.8497,0.88,0.8352,0.88
AQST,2022-08-08,0.88,0.97,0.88,0.9699
AQST,2022-08-09,0.97,1.36,0.9506,1.04
AQST,2022-08-10,1.09,1.24,1.05,1.17
AQST,2022-08-11,1.17,1.47,1.15,1.39
AQST,2022-08-12,1.39,1.78,1.39,1.73
AQST,2022-08-15,1.75,1.7676,1.57,1.6
AQST,2022-08-16,1.61,1.63,1.36,1.5
AQST,2022-08-17,1.5,1.5597,1.36,1.41
AQST,2022-08-18,1.44,1.57,1.38,1.53
AQST,2022-08-19,1.47,1.53,1.42,1.43
AQST,2022-08-22,1.43,1.49,1.31,1.38
AQST,2022-08-23,1.4,1.4299,1.34,1.35
AQST,2022-08-24,1.36,1.58,1.36,1.56
AQST,2022-08-25,1.56,1.6598,1.47,1.55
AQST,2022-08-26,1.57,1.57,1.4,1.44
AQST,2022-08-29,1.4,1.47,1.3513,1.36
AQST,2022-08-30,1.41,1.6,1.38,1.52
AQST,2022-08-31,1.42,1.47,1.15,1.445
AQST,2022-09-01,1.36,1.39,1.245,1.29
AQST,2022-09-02,1.32,1.38,1.27,1.31
AQST,2022-09-06,1.3,1.3,1.23,1.25
AQST,2022-09-07,1.34,1.5,1.3,1.47
AQST,2022-09-08,1.39,1.48,1.38,1.47
AQST,2022-09-09,1.49,1.4935,1.4,1.46
AQST,2022-09-12,1.47,1.5,1.3857,1.44
AQST,2022-09-13,1.41,1.44,1.36,1.38
AQST,2022-09-14,1.4,1.449,1.31,1.32
AQST,2022-09-15,1.32,1.36,1.28,1.29
AQST,2022-09-16,1.32,1.32,1.203,1.23
AQST,2022-09-19,1.2,1.2145,1.13,1.15
AQST,2022-09-20,1.2,1.2,1.0901,1.12
AQST,2022-09-21,1.12,1.2,1.08,1.1
AQST,2022-09-22,1.09,1.0929,1.05,1.07
AQST,2022-09-23,1.05,1.1,1.04,1.09
AQST,2022-09-26,1.08,1.17,1.07,1.12
AQST,2022-09-27,1.255,1.27,1.12,1.14
AQST,2022-09-28,1.06,1.1799,1.04,1.16
AQST,2022-09-29,1.12,1.1368,1.0539,1.12
AQST,2022-09-30,1.1,1.24,1.07,1.17
AQST,2022-10-03,1.17,1.21,1.13,1.18
AQST,2022-10-04,1.2,1.23,1.135,1.14
AQST,2022-10-05,1.11,1.17,1.07,1.15
AQST,2022-10-06,1.12,1.16,1.09,1.11
AQST,2022-10-07,1.11,1.15,1.05,1.055
AQST,2022-10-10,1.06,1.09,1.0,1.02
AQST,2022-10-11,1.04,1.13,1.02,1.08
AQST,2022-10-12,1.1,1.1,0.955,1.01
AQST,2022-10-13,1.0,1.05,0.95,1.0
AQST,2022-10-14,1.01,1.02,0.8801,0.94
AQST,2022-10-17,0.94,0.97,0.901,0.92
AQST,2022-10-18,0.93,0.98,0.92,0.9397
AQST,2022-10-19,0.95,0.9555,0.86,0.8753
AQST,2022-10-20,0.9,0.93,0.851,0.9
AQST,2022-10-21,0.92,0.9261,0.87,0.8999
AQST,2022-10-24,0.9269,0.929999,0.8501,0.89
AQST,2022-10-25,0.8716,0.93,0.8716,0.913
AQST,2022-10-26,0.92,0.96,0.901,0.9018
AQST,2022-10-27,0.9355,0.945,0.88,0.893
AQST,2022-10-28,0.91,0.93,0.8521,0.8599
AQST,2022-10-31,0.855,0.9,0.85,0.87
AQST,2022-11-01,0.9089,0.9089,0.82,0.8555
AQST,2022-11-02,0.9,0.9,0.82,0.84
AQST,2022-11-03,0.8211,0.88,0.8211,0.8622
AQST,2022-11-04,0.85,0.8978,0.85,0.875
AQST,2022-11-07,0.9,0.9199,0.880101,0.9136
AQST,2022-11-08,0.911,0.9277,0.8921,0.91
AQST,2022-11-09,0.91,0.92,0.891,0.9043
AQST,2022-11-10,0.92,1.03,0.91,1.01
AQST,2022-11-11,1.01,1.08,0.98,1.05
AQST,2022-11-14,1.05,1.13,1.01,1.03
AQST,2022-11-15,1.07,1.1,1.0254,1.05
AQST,2022-11-16,1.07,1.07,0.9969,1.03
AQST,2022-11-17,1.0,1.03,0.95,0.9717
AQST,2022-11-18,0.99,1.04,0.96,0.9872
AQST,2022-11-21,1.0,1.0,0.91,0.9101
AQST,2022-11-22,0.9495,0.97,0.9,0.9044
AQST,2022-11-23,0.94,0.94,0.9,0.929
AQST,2022-11-25,0.93,0.9495,0.91,0.9197
AQST,2022-11-28,0.907,0.9289,0.88,0.8929
AQST,2022-11-29,0.9119,0.9476,0.88,0.8802
AQST,2022-11-30,0.9086,0.94,0.89,0.928
AQST,2022-12-01,0.92,0.95,0.92,0.9348
AQST,2022-12-02,0.93,0.963,0.915,0.9513
AQST,2022-12-05,0.9622,0.97,0.9001,0.9101
AQST,2022-12-06,0.9211,0.9329,0.9,0.9002
AQST,2022-12-07,0.91,0.91,0.88,0.89
AQST,2022-12-08,0.9294,0.9294,0.89,0.91
AQST,2022-12-09,0.91,0.9429,0.91,0.9363
AQST,2022-12-12,0.93,0.95,0.91,0.9372
AQST,2022-12-13,0.94,0.96,0.8906,0.93
AQST,2022-12-14,0.9274,0.9498,0.915,0.9201
AQST,2022-12-15,0.901,0.9195,0.89,0.9001
AQST,2022-12-16,0.9,0.945,0.9,0.905
AQST,2022-12-19,0.92,0.9297,0.89,0.8912
AQST,2022-12-20,0.8925,0.94,0.87,0.902
AQST,2022-12-21,0.908,0.94,0.9,0.9146
AQST,2022-12-22,0.9111,0.9612,0.905,0.9131
AQST,2022-12-23,0.93,0.93,0.8701,0.93
AQST,2022-12-27,0.8936,0.9199,0.8501,0.8643
AQST,2022-12-28,0.83,0.8828,0.7606,0.7727
AQST,2022-12-29,0.8068,0.8601,0.7801,0.83
AQST,2022-12-30,0.8489,0.9021,0.8,0.9021
AQST,2023-01-03,0.895,0.92,0.815,0.8999
AQST,2023-01-04,0.89,0.91,0.852991,0.89
AQST,2023-01-05,0.89,0.896034,0.87,0.88
AQST,2023-01-06,0.87,0.9224,0.8511,0.8917
AQST,2023-01-09,0.9,0.95,0.9,0.93
AQST,2023-01-10,0.923,1.031,0.9203,0.99
AQST,2023-01-11,0.99,1.03,0.965,0.9823
AQST,2023-01-12,1.0,1.02,0.9709,0.99
AQST,2023-01-13,1.01,1.01,0.94,0.9901
AQST,2023-01-17,0.99,1.01,0.99,1.0
AQST,2023-01-18,1.0,1.01,0.94,0.9497
AQST,2023-01-19,0.95,0.9989,0.9135,0.9311
AQST,2023-01-20,0.95,0.969999,0.922,0.9238
AQST,2023-01-23,0.9489,0.95,0.925,0.945
AQST,2023-01-24,0.945,0.9599,0.89,0.8932
AQST,2023-01-25,0.92,0.92,0.8876,0.8989
AQST,2023-01-26,0.9199,0.93,0.87,0.89
AQST,2023-01-27,0.89,0.918299,0.88,0.8866
AQST,2023-01-30,0.9,0.909899,0.87,0.8755
AQST,2023-01-31,0.8755,0.9,0.87,0.89
AQST,2023-02-01,0.88,0.9,0.8766,0.8799
AQST,2023-02-02,0.899,0.904899,0.86,0.879
AQST,2023-02-03,0.8989,0.8989,0.85,0.86
AQST,2023-02-06,0.865,0.9098,0.84,0.9
AQST,2023-02-07,0.9,0.9,0.8639,0.894
AQST,2023-02-08,0.894,0.9,0.861,0.89
AQST,2023-02-09,0.88,0.9,0.85,0.8643
AQST,2023-02-10,0.85,0.8925,0.85,0.87
AQST,2023-02-13,0.86,0.89,0.82,0.84
AQST,2023-02-14,0.8589,0.862,0.7938,0.8156
AQST,2023-02-15,0.8108,0.846631,0.739,0.74
AQST,2023-02-16,0.7999,0.835,0.7421,0.818
AQST,2023-02-17,0.8092,0.8175,0.7802,0.8139
AQST,2023-02-21,0.8273,0.8358,0.77,0.7948
AQST,2023-02-22,0.801,0.819899,0.75,0.7806
AQST,2023-02-23,0.8196,0.8272,0.76,0.8144
AQST,2023-02-24,0.8177,0.825,0.78,0.81
AQST,2023-02-27,0.8165,0.8165,0.7701,0.7873
AQST,2023-02-28,0.78,0.8,0.7702,0.7825
AQST,2023-03-01,0.8093,0.81,0.741,0.7701
AQST,2023-03-02,0.7744,0.799999,0.74,0.7696
AQST,2023-03-03,0.79,0.81,0.7519,0.7895
AQST,2023-03-06,0.78,0.833,0.78,0.8053
AQST,2023-03-07,0.8,0.8799,0.8,0.85
AQST,2023-03-08,0.7745,0.8698,0.765,0.85
AQST,2023-03-09,0.86,0.915,0.78,0.81
AQST,2023-03-10,0.7851,0.81,0.765,0.7937
AQST,2023-03-13,0.77,0.824,0.77,0.7858
AQST,2023-03-14,0.8311,0.834899,0.75,0.755
AQST,2023-03-15,0.7656,0.7701,0.72,0.725
AQST,2023-03-16,0.7661,0.77,0.7303,0.758
AQST,2023-03-17,0.7615,0.797,0.747801,0.7779
AQST,2023-03-20,0.8,0.81,0.77,0.792
AQST,2023-03-21,0.8098,0.82,0.7805,0.8101
AQST,2023-03-22,0.82,0.83,0.782,0.82
AQST,2023-03-23,0.84,0.84,0.790101,0.82
AQST,2023-03-24,0.83,0.84,0.795,0.84
AQST,2023-03-27,0.83,0.86,0.8201,0.86
AQST,2023-03-28,0.85,0.9139,0.821601,0.8962
AQST,2023-03-29,0.92,1.0198,0.9019,1.0
AQST,2023-03-30,1.03,1.15,1.0,1.15
AQST,2023-03-31,1.18,1.22,1.1,1.14
AQST,2023-04-03,1.15,1.16,1.01,1.06
AQST,2023-04-04,1.06,1.1099,1.06,1.1
AQST,2023-04-05,1.1,1.13,1.05,1.12
AQST,2023-04-06,1.14,1.2,1.0855,1.17
AQST,2023-04-10,1.17,1.19,1.11,1.14
AQST,2023-04-11,1.12,1.15,1.1,1.11
AQST,2023-04-12,1.11,1.1893,1.1,1.12
AQST,2023-04-13,1.13,1.19,1.12,1.19
AQST,2023-04-14,1.19,1.28,1.19,1.27
AQST,2023-04-17,1.28,1.4199,1.27,1.375
AQST,2023-04-18,1.4,1.42,1.22,1.3
AQST,2023-04-19,1.3,1.41,1.3,1.38
AQST,2023-04-20,1.4,1.44,1.34,1.38
AQST,2023-04-21,1.39,1.43,1.35,1.39
AQST,2023-04-24,1.4,1.4199,1.3,1.36
AQST,2023-04-25,1.35,1.37,1.22,1.28
AQST,2023-04-26,1.3,1.31,1.15,1.25
AQST,2023-04-27,1.24,1.28,1.1901,1.27
AQST,2023-04-28,1.25,1.35,1.25,1.34
AQST,2023-05-01,1.29,1.44,1.2851,1.39
AQST,2023-05-02,1.41,1.42,1.32,1.39
AQST,2023-05-03,1.52,1.8,1.45,1.68
AQST,2023-05-04,1.69,1.97,1.68,1.96
AQST,2023-05-05,2.0,2.3999,1.91,2.04
AQST,2023-05-08,2.17,2.4,2.1296,2.25
AQST,2023-05-09,2.2,2.4199,2.1566,2.33
AQST,2023-05-10,2.38,2.599,2.21,2.44
AQST,2023-05-11,2.47,2.65,2.45,2.49
AQST,2023-05-12,2.54,2.54,1.7,1.97
AQST,2023-05-15,2.05,2.27,2.05,2.15
AQST,2023-05-16,2.17,2.17,1.95,2.1
AQST,2023-05-17,2.13,2.13,1.95,2.05
AQST,2023-05-18,2.015,2.09,1.97,2.01
AQST,2023-05-19,1.99,2.18,1.92,2.17
AQST,2023-05-22,2.16,2.455,2.15,2.41
AQST,2023-05-23,2.44,2.69,2.35,2.38
AQST,2023-05-24,2.35,2.4,2.2,2.28
AQST,2023-05-25,2.3,2.38,2.17,2.22
AQST,2023-05-26,2.25,2.31,2.21,2.24
AQST,2023-05-30,2.17,2.22,1.99,2.06
AQST,2023-05-31,2.08,2.34,2.055,2.31
AQST,2023-06-01,2.35,2.3754,2.25,2.31
AQST,2023-06-02,2.31,2.37,2.21,2.26
AQST,2023-06-05,2.22,2.22,2.11,2.16
AQST,2023-06-06,2.17,2.31,2.1221,2.24
AQST,2023-06-07,2.22,2.29,2.15,2.17
AQST,2023-06-08,2.16,2.22,2.06,2.15
AQST,2023-06-09,2.15,2.21,2.07,2.12
AQST,2023-06-12,2.11,2.15,2.05,2.08
AQST,2023-06-13,2.08,2.34,2.08,2.26
AQST,2023-06-14,2.28,2.3186,2.09,2.21
AQST,2023-06-15,2.18,2.23,2.12,2.16
AQST,2023-06-16,2.16,2.19,2.0934,2.16
AQST,2023-06-20,2.13,2.16,2.02,2.05
AQST,2023-06-21,2.03,2.07,1.851,2.02
AQST,2023-06-22,1.98,2.04,1.88,1.89
AQST,2023-06-23,1.9,1.9,1.8,1.83
AQST,2023-06-26,1.83,1.84,1.64,1.66
AQST,2023-06-27,1.69,1.75,1.655,1.66
AQST,2023-06-28,1.68,1.69,1.5721,1.59
AQST,2023-06-29,1.61,1.61,1.33,1.59
AQST,2023-06-30,1.59,1.68,1.585,1.65
AQST,2023-07-03,1.58,1.642,1.58,1.61
AQST,2023-07-05,1.61,1.78,1.575,1.66
AQST,2023-07-06,1.68,1.74,1.6,1.7
AQST,2023-07-07,1.69,1.705,1.6,1.66
AQST,2023-07-10,1.65,1.6999,1.59,1.65
AQST,2023-07-11,1.66,1.66,1.59,1.61
AQST,2023-07-12,1.6,1.675,1.6,1.62
AQST,2023-07-13,1.65,1.675,1.61,1.64
AQST,2023-07-14,1.63,1.6499,1.55,1.56
AQST,2023-07-17,1.56,1.65,1.53,1.61
AQST,2023-07-18,1.62,1.665,1.59,1.64
AQST,2023-07-19,1.65,1.728,1.6299,1.68
AQST,2023-07-20,1.69,1.69,1.59,1.6
AQST,2023-07-21,1.6,1.61,1.53,1.58
AQST,2023-07-24,1.56,1.66,1.55,1.55
AQST,2023-07-25,1.56,1.65,1.56,1.6
AQST,2023-07-26,1.6,1.71,1.59,1.7
AQST,2023-07-27,1.71,1.78,1.685,1.7
AQST,2023-07-28,1.75,1.93,1.72,1.92
AQST,2023-07-31,2.0,2.27,2.0,2.19
AQST,2023-08-01,2.28,2.28,2.08,2.24
AQST,2023-08-02,2.24,2.29,2.09,2.17
AQST,2023-08-03,2.2,2.23,2.15,2.18
AQST,2023-08-04,2.22,2.2393,2.0115,2.09
AQST,2023-08-07,2.06,2.0728,1.89,2.05
AQST,2023-08-08,2.17,2.17,1.77,1.94
AQST,2023-08-09,1.97,2.06,1.9401,2.01
AQST,2023-08-10,2.01,2.0899,1.92,1.95
AQST,2023-08-11,1.93,1.96,1.88,1.94
AQST,2023-08-14,1.92,1.92,1.8257,1.85
AQST,2023-08-15,1.82,1.97,1.82,1.85
AQST,2023-08-16,1.85,1.89,1.81,1.82
AQST,2023-08-17,1.79,1.86,1.73,1.74
AQST,2023-08-18,1.74,1.8,1.63,1.74
AQST,2023-08-21,1.74,1.83,1.73,1.77
AQST,2023-08-22,1.82,1.82,1.69,1.76
AQST,2023-08-23,1.76,1.86,1.71,1.79
AQST,2023-08-24,1.8,1.8385,1.76,1.79
AQST,2023-08-25,1.8,1.82,1.73,1.79
AQST,2023-08-28,1.79,1.79,1.7,1.72
AQST,2023-08-29,1.71,1.77,1.69,1.7
AQST,2023-08-30,1.67,1.7,1.65,1.65
AQST,2023-08-31,1.65,1.69,1.63,1.64
AQST,2023-09-01,1.65,1.69,1.635,1.67
AQST,2023-09-05,1.67,1.67,1.6252,1.65
AQST,2023-09-06,1.64,1.64,1.57,1.58
AQST,2023-09-07,1.55,1.62,1.5196,1.58
AQST,2023-09-08,1.58,1.58,1.47,1.5
AQST,2023-09-11,1.49,1.66,1.47,1.57
AQST,2023-09-12,1.57,1.7,1.56,1.66
AQST,2023-09-13,1.68,1.78,1.64,1.66
AQST,2023-09-14,1.66,1.7157,1.58,1.61
AQST,2023-09-15,1.61,1.64,1.56,1.62
AQST,2023-09-18,1.62,1.65,1.55,1.55
AQST,2023-09-19,1.54,1.57,1.5005,1.53
AQST,2023-09-20,1.65,1.7827,1.61,1.71
AQST,2023-09-21,1.67,1.67,1.54,1.63
AQST,2023-09-22,1.63,1.635,1.55,1.58
AQST,2023-09-25,1.6,1.61,1.48,1.5
AQST,2023-09-26,1.5,1.58,1.5,1.53
AQST,2023-09-27,1.52,1.57,1.49,1.52
AQST,2023-09-28,1.52,1.52,1.4801,1.5
AQST,2023-09-29,1.5,1.56,1.5,1.53
AQST,2023-10-02,1.53,1.53,1.36,1.4
AQST,2023-10-03,1.4,1.41,1.38,1.39
AQST,2023-10-04,1.4,1.409,1.35,1.355
AQST,2023-10-05,1.36,1.38,1.26,1.295
AQST,2023-10-06,1.26,1.37,1.2514,1.33
AQST,2023-10-09,1.3,1.4,1.29,1.32
AQST,2023-10-10,1.33,1.41,1.33,1.4
AQST,2023-10-11,1.4,1.4092,1.34,1.365
AQST,2023-10-12,1.36,1.449,1.35,1.43
AQST,2023-10-13,1.43,1.579,1.39,1.54
AQST,2023-10-16,1.54,1.73,1.54,1.73
AQST,2023-10-17,1.73,1.82,1.69,1.77
AQST,2023-10-18,1.77,1.8,1.64,1.69
AQST,2023-10-19,1.69,1.69,1.57,1.61
AQST,2023-10-20,1.59,1.6,1.5,1.54
AQST,2023-10-23,1.53,1.54,1.4,1.41
AQST,2023-10-24,1.41,1.48,1.39,1.43
AQST,2023-10-25,1.41,1.45,1.36,1.4
AQST,2023-10-26,1.38,1.44,1.3664,1.41
AQST,2023-10-27,1.39,1.52,1.38,1.42
AQST,2023-10-30,1.45,1.53,1.43,1.51
AQST,2023-10-31,1.51,1.66,1.47,1.57
AQST,2023-11-01,1.57,1.64,1.52,1.54
AQST,2023-11-02,1.55,1.59,1.4052,1.44
AQST,2023-11-03,1.48,1.6,1.48,1.6
AQST,2023-11-06,1.65,1.65,1.52,1.63
AQST,2023-11-07,1.66,1.74,1.58,1.71
AQST,2023-11-08,1.74,1.75,1.63,1.67
AQST,2023-11-09,1.65,1.72,1.61,1.71
AQST,2023-11-10,1.74,1.75,1.66,1.68
AQST,2023-11-13,1.68,1.71,1.6,1.68
AQST,2023-11-14,1.72,1.7473,1.59,1.62
AQST,2023-11-15,1.61,1.67,1.55,1.59
AQST,2023-11-16,1.65,1.73,1.61,1.72
AQST,2023-11-17,1.72,1.82,1.69,1.73
AQST,2023-11-20,1.75,1.8,1.73,1.79
AQST,2023-11-21,1.8,1.98,1.8,1.94
AQST,2023-11-22,2.0,2.05,1.98,2.04
AQST,2023-11-24,2.02,2.15,2.0,2.12
AQST,2023-11-27,2.14,2.14,1.9,1.94
AQST,2023-11-28,1.97,2.14,1.96,2.13
AQST,2023-11-29,2.18,2.25,2.1301,2.18
AQST,2023-11-30,2.19,2.3299,2.19,2.25
AQST,2023-12-01,2.35,2.48,2.26,2.39
AQST,2023-12-04,2.47,2.67,2.3508,2.47
AQST,2023-12-05,2.5,2.53,2.3201,2.39
AQST,2023-12-06,2.39,2.4,1.91,2.06
AQST,2023-12-07,2.12,2.17,2.08,2.15
AQST,2023-12-08,2.13,2.2399,2.08,2.1
AQST,2023-12-11,2.07,2.085,1.9401,1.97
AQST,2023-12-12,2.0,2.06,1.98,1.98
AQST,2023-12-13,2.02,2.13,2.01,2.08
AQST,2023-12-14,2.08,2.18,2.01,2.01
AQST,2023-12-15,2.04,2.06,1.97,2.0
AQST,2023-12-18,1.99,2.03,1.92,1.92
AQST,2023-12-19,1.91,2.06,1.91,1.97
AQST,2023-12-20,1.95,1.9942,1.845,1.87
AQST,2023-12-21,1.88,1.96,1.84,1.9
AQST,2023-12-22,1.92,2.03,1.8591,2.0
AQST,2023-12-26,2.0,2.06,1.95,2.0
AQST,2023-12-27,2.04,2.07,1.9991,2.01
AQST,2023-12-28,2.0,2.0999,1.97,2.0
AQST,2023-12-29,2.01,2.08,1.96,2.02
AQST,2024-01-02,2.02,2.05,1.95,2.01
AQST,2024-01-03,2.0,2.0999,1.98,2.09
AQST,2024-01-04,2.09,2.26,2.07,2.26
AQST,2024-01-05,2.28,2.4,2.258,2.34
AQST,2024-01-08,2.35,2.63,2.3001,2.5
AQST,2024-01-09,2.48,2.78,2.32,2.72
AQST,2024-01-10,2.81,2.81,2.38,2.56
AQST,2024-01-11,2.56,2.56,2.32,2.51
AQST,2024-01-12,2.48,2.74,2.4747,2.63
AQST,2024-01-16,2.7,2.81,2.5,2.655
AQST,2024-01-17,2.61,2.68,2.53,2.625
AQST,2024-01-18,2.66,2.66,2.421,2.48
AQST,2024-01-19,2.45,2.5,2.37,2.44
AQST,2024-01-22,2.46,2.54,2.41,2.51
AQST,2024-01-23,2.51,2.59,2.465,2.5
AQST,2024-01-24,2.49,2.51,2.38,2.39
AQST,2024-01-25,2.41,2.4695,2.32,2.37
AQST,2024-01-26,2.38,2.42,2.33,2.39
AQST,2024-01-29,2.41,2.47,2.36,2.46
AQST,2024-01-30,2.45,2.46,2.37,2.38
AQST,2024-01-31,2.4,2.46,2.3601,2.39
AQST,2024-02-01,2.45,2.7399,2.4,2.67
AQST,2024-02-02,2.68,2.76,2.56,2.63
AQST,2024-02-05,2.65,2.725,2.5714,2.7
AQST,2024-02-06,2.73,2.95,2.727,2.79
AQST,2024-02-07,2.8,2.8,2.63,2.64
AQST,2024-02-08,2.64,2.71,2.6,2.68
AQST,2024-02-09,2.68,2.83,2.68,2.75
AQST,2024-02-12,2.75,2.84,2.72,2.77
AQST,2024-02-13,2.73,2.75,2.62,2.65
AQST,2024-02-14,2.7,2.73,2.63,2.68
AQST,2024-02-15,2.68,2.75,2.61,2.72
AQST,2024-02-16,2.73,2.7422,2.66,2.695
AQST,2024-02-20,2.73,2.91,2.61,2.65
AQST,2024-02-21,2.66,2.696,2.45,2.51
AQST,2024-02-22,2.65,2.78,2.56,2.63
AQST,2024-02-23,2.7,2.77,2.57,2.57
AQST,2024-02-26,2.63,2.94,2.63,2.85
AQST,2024-02-27,3.0,3.38,2.97,3.2
AQST,2024-02-28,3.3,3.7,3.1076,3.65
AQST,2024-02-29,3.72,3.95,3.45,3.67
AQST,2024-03-01,3.71,4.39,3.69,4.24
AQST,2024-03-04,4.92,4.96,4.0,4.18
AQST,2024-03-05,4.32,4.61,4.01,4.19
AQST,2024-03-06,4.1,5.19,3.6,5.03
AQST,2024-03-07,5.12,5.75,4.83,5.68
AQST,2024-03-08,5.6,5.61,4.83,4.88
AQST,2024-03-11,5.02,5.3,4.7,4.94
AQST,2024-03-12,4.96,5.22,4.8901,5.1
AQST,2024-03-13,5.05,5.49,4.9414,5.44
AQST,2024-03-14,5.47,5.66,5.15,5.25
AQST,2024-03-15,5.41,6.18,5.35,6.09
AQST,2024-03-18,6.23,6.23,5.51,5.51
AQST,2024-03-19,5.425,5.62,5.11,5.34
AQST,2024-03-20,4.6,4.7,4.36,4.505
AQST,2024-03-21,4.5,4.57,4.235,4.38
AQST,2024-03-22,4.43,4.55,4.34,4.38
AQST,2024-03-25,4.38,4.52,4.02,4.18
AQST,2024-03-26,4.2,4.335,4.04,4.06
AQST,2024-03-27,4.13,4.2171,3.99,4.1
AQST,2024-03-28,4.27,4.48,4.22,4.26
AQST,2024-04-01,4.29,4.3592,4.065,4.13
AQST,2024-04-02,4.06,4.25,4.01,4.14
AQST,2024-04-03,4.16,4.51,4.06,4.38
AQST,2024-04-04,4.24,4.33,3.9,4.16
AQST,2024-04-05,4.19,4.295,3.99,4.1
AQST,2024-04-08,4.06,4.15,3.96,4.07
AQST,2024-04-09,4.06,4.165,3.93,4.09
AQST,2024-04-10,4.0,4.145,3.984,4.07
AQST,2024-04-11,4.34,4.38,4.075,4.09
AQST,2024-04-12,4.07,4.11,3.75,3.91
AQST,2024-04-15,4.05,4.1,3.83,3.94
AQST,2024-04-16,3.88,3.89,3.72,3.85
AQST,2024-04-17,3.94,4.05,3.82,3.92
AQST,2024-04-18,4.0,4.51,3.93,4.5
AQST,2024-04-19,4.38,4.54,4.05,4.1
AQST,2024-04-22,4.18,4.39,4.01,4.38
AQST,2024-04-23,4.38,4.5,4.24,4.28
AQST,2024-04-24,4.25,4.2799,3.9,3.9
AQST,2024-04-25,3.93,4.01,3.775,3.93
AQST,2024-04-26,4.0,4.2497,3.95,4.07
AQST,2024-04-29,3.91,3.9498,3.24,3.735
AQST,2024-04-30,3.59,3.65,3.06,3.36
AQST,2024-05-01,3.35,3.47,3.2,3.365
AQST,2024-05-02,3.4,3.4099,3.205,3.28
AQST,2024-05-03,3.3,3.54,3.26,3.52
AQST,2024-05-06,3.56,3.6,3.41,3.5
AQST,2024-05-07,3.44,3.5,3.295,3.38
AQST,2024-05-08,3.18,3.23,2.91,3.085
AQST,2024-05-09,3.1,3.42,3.0,3.29
AQST,2024-05-10,3.38,3.3898,3.0,3.09
AQST,2024-05-13,3.11,3.315,3.1,3.27
AQST,2024-05-14,3.25,3.28,3.17,3.2
AQST,2024-05-15,3.2,3.33,3.19,3.22
AQST,2024-05-16,3.22,3.31,3.22,3.28
AQST,2024-05-17,3.27,3.3199,3.1,3.11
AQST,2024-05-20,3.16,3.22,3.085,3.19
AQST,2024-05-21,3.19,3.26,3.13,3.18
AQST,2024-05-22,3.18,3.27,3.15,3.15
AQST,2024-05-23,3.17,3.227,3.0,3.07
AQST,2024-05-24,3.06,3.13,3.03,3.06
AQST,2024-05-28,3.12,3.1449,3.01,3.1
AQST,2024-05-29,3.04,3.07,2.98,3.07
AQST,2024-05-30,3.06,3.07,2.89,2.91
AQST,2024-05-31,2.95,2.95,2.73,2.88
AQST,2024-06-03,2.95,3.1,2.91,2.94
AQST,2024-06-04,2.89,2.98,2.83,2.95
AQST,2024-06-05,2.98,3.0099,2.87,2.99
AQST,2024-06-06,2.98,3.06,2.795,2.81
AQST,2024-06-07,2.84,2.88,2.72,2.75
AQST,2024-06-10,2.7,2.78,2.57,2.769
AQST,2024-06-11,2.72,2.855,2.715,2.81
AQST,2024-06-12,2.81,2.93,2.795,2.81
AQST,2024-06-13,2.83,2.86,2.745,2.77
AQST,2024-06-14,2.75,2.75,2.67,2.69
AQST,2024-06-17,2.7,2.755,2.59,2.73
AQST,2024-06-18,2.76,2.78,2.643,2.68
AQST,2024-06-20,2.64,2.65,2.45,2.5
AQST,2024-06-21,2.52,2.59,2.465,2.552
AQST,2024-06-24,2.56,2.58,2.411,2.43
AQST,2024-06-25,2.47,2.475,2.305,2.31
AQST,2024-06-26,2.31,2.44,2.24,2.42
AQST,2024-06-27,2.42,2.6,2.42,2.59
AQST,2024-06-28,2.6,2.69,2.565,2.58
AQST,2024-07-01,2.63,2.63,2.34,2.45
AQST,2024-07-02,2.38,2.43,2.36,2.42
AQST,2024-07-03,2.41,2.44,2.365,2.41
AQST,2024-07-05,2.41,2.48,2.36,2.479
AQST,2024-07-08,2.48,2.56,2.37,2.4
AQST,2024-07-09,2.4,2.48,2.38,2.47
AQST,2024-07-10,2.49,2.54,2.405,2.46
AQST,2024-07-11,2.51,2.74,2.49,2.73
AQST,2024-07-12,2.78,2.96,2.65,2.665
AQST,2024-07-15,2.7,2.8,2.64,2.778
AQST,2024-07-16,2.81,3.1,2.8,3.04
AQST,2024-07-17,3.0,3.145,2.92,3.11
AQST,2024-07-18,3.12,3.3,2.99,3.06
AQST,2024-07-19,3.07,3.215,3.05,3.2
AQST,2024-07-22,3.22,3.22,2.985,3.03
AQST,2024-07-23,3.01,3.345,2.9604,3.33
AQST,2024-07-24,3.3,3.43,3.215,3.37
AQST,2024-07-25,3.47,3.58,3.26,3.45
AQST,2024-07-26,3.56,3.92,3.5101,3.82
AQST,2024-07-29,3.9,3.95,3.68,3.82
AQST,2024-07-30,3.82,3.8786,3.67,3.795
AQST,2024-07-31,3.83,3.9,3.73,3.83
AQST,2024-08-01,3.78,3.835,3.52,3.6
AQST,2024-08-02,3.49,3.55,3.23,3.43
AQST,2024-08-05,3.11,3.29,3.02,3.29
AQST,2024-08-06,3.34,3.41,3.27,3.395
AQST,2024-08-07,3.64,3.72,3.405,3.42
AQST,2024-08-08,3.5,3.5,3.07,3.29
AQST,2024-08-09,3.31,3.47,3.13,3.43
AQST,2024-08-12,3.46,3.52,3.295,3.4
AQST,2024-08-13,3.4,3.96,3.4,3.92
AQST,2024-08-14,4.01,4.055,3.74,3.86
AQST,2024-08-15,3.98,4.315,3.925,4.12
AQST,2024-08-16,4.11,4.25,3.88,4.24
AQST,2024-08-19,4.26,4.3,4.03,4.26
AQST,2024-08-20,4.29,4.56,4.26,4.33
AQST,2024-08-21,4.34,4.67,4.265,4.65
AQST,2024-08-22,4.69,4.7,4.3,4.31
AQST,2024-08-23,4.38,4.55,4.32,4.46
AQST,2024-08-26,4.55,4.55,4.29,4.445
AQST,2024-08-27,4.43,4.65,4.36,4.63
AQST,2024-08-28,4.61,4.63,4.43,4.55
AQST,2024-08-29,4.58,4.585,4.4,4.4
AQST,2024-08-30,4.45,4.5405,4.33,4.53
AQST,2024-09-03,4.43,4.58,4.16,4.19
AQST,2024-09-04,4.15,4.455,4.13,4.24
AQST,2024-09-05,4.26,4.325,4.18,4.24
AQST,2024-09-06,4.23,4.25,4.1,4.185
AQST,2024-09-09,4.24,4.72,4.2,4.67
AQST,2024-09-10,4.69,4.75,4.45,4.61
AQST,2024-09-11,4.67,4.98,4.56,4.95
AQST,2024-09-12,4.94,4.94,4.514,4.55
AQST,2024-09-13,4.6,4.84,4.6,4.84
AQST,2024-09-16,4.81,5.02,4.75,4.96
AQST,2024-09-17,5.02,5.07,4.79,4.79
AQST,2024-09-18,4.86,5.11,4.76,4.95
AQST,2024-09-19,5.14,5.2,4.954,5.2
AQST,2024-09-20,5.2,5.29,5.055,5.09
AQST,2024-09-23,5.12,5.16,4.73,4.88
AQST,2024-09-24,4.93,5.075,4.89,5.04
AQST,2024-09-25,5.01,5.1,4.82,4.86
AQST,2024-09-26,4.96,5.065,4.885,5.0
AQST,2024-09-27,5.1,5.18,4.5352,4.73
AQST,2024-09-30,4.76,5.195,4.74,4.975
AQST,2024-10-01,4.98,4.98,4.7501,4.76
AQST,2024-10-02,4.73,4.88,4.65,4.79
AQST,2024-10-03,4.73,4.78,4.6,4.68
AQST,2024-10-04,4.79,4.96,4.69,4.95
AQST,2024-10-07,4.93,4.96,4.775,4.85
AQST,2024-10-08,4.89,5.0999,4.86,4.915
AQST,2024-10-09,4.93,4.9438,4.6905,4.76
AQST,2024-10-10,4.67,4.85,4.58,4.715
AQST,2024-10-11,4.68,4.91,4.64,4.89
AQST,2024-10-14,4.93,4.9325,4.785,4.835
AQST,2024-10-15,4.81,5.04,4.735,4.88
AQST,2024-10-16,4.92,4.9998,4.84,4.93
AQST,2024-10-17,4.9,5.0,4.8699,4.92
AQST,2024-10-18,4.94,5.3,4.94,5.03
AQST,2024-10-21,5.01,5.03,4.69,4.95
AQST,2024-10-22,4.915,5.105,4.915,5.1
AQST,2024-10-23,5.05,5.42,5.02,5.37
AQST,2024-10-24,5.39,5.73,5.26,5.48
AQST,2024-10-25,5.56,5.56,5.37,5.49
AQST,2024-10-28,5.59,5.7,5.38,5.49
AQST,2024-10-29,5.5,5.67,5.38,5.66
AQST,2024-10-30,5.64,5.8,5.475,5.64
AQST,2024-10-31,5.5,5.5,5.375,5.5
AQST,2024-11-01,5.6,5.665,5.445,5.52
AQST,2024-11-04,5.5,5.52,5.12,5.15
AQST,2024-11-05,4.99,5.06,4.62,4.755
AQST,2024-11-06,4.98,5.19,4.83,5.07
AQST,2024-11-07,5.02,5.25,4.89,5.08
AQST,2024-11-08,5.09,5.505,4.98,5.46
AQST,2024-11-11,5.54,5.59,4.92,5.07
AQST,2024-11-12,5.04,5.25,4.8807,4.99
AQST,2024-11-13,5.02,5.14,4.815,4.83
AQST,2024-11-14,4.57,4.57,4.52,4.57
AQST,2024-11-15,4.6,4.6,4.4,4.44
AQST,2024-11-18,4.45,4.655,4.36,4.64
AQST,2024-11-19,4.54,4.84,4.45,4.82
AQST,2024-11-20,4.84,4.88,4.635,4.735
AQST,2024-11-21,4.69,4.69,4.44,4.51
AQST,2024-11-22,4.56,4.65,4.45,4.56
AQST,2024-11-25,4.63,4.84,4.545,4.81
AQST,2024-11-26,4.81,5.0599,4.7515,4.88
AQST,2024-11-27,4.97,5.2,4.9,5.16
AQST,2024-11-29,5.1,5.2,5.0244,5.09
AQST,2024-12-02,5.21,5.285,4.77,4.81
AQST,2024-12-03,4.79,4.7999,4.37,4.39
AQST,2024-12-04,4.4,4.45,4.2701,4.31
AQST,2024-12-05,4.28,4.45,4.27,4.32
AQST,2024-12-06,4.17,4.17,4.035,4.17
AQST,2024-12-09,4.16,4.16,3.86,3.89
AQST,2025-01-27,3.07,3.156,2.97,2.99
AQST,2025-01-28,3.0,3.16,2.96,3.14
AQST,2025-01-29,3.15,3.15,3.08,3.1
AQST,2025-01-30,3.15,3.17,3.02,3.08
AQST,2025-01-31,3.1,3.12,2.99,3.02
AQST,2025-02-03,2.95,2.995,2.87,2.89
AQST,2025-02-04,2.9,3.075,2.89,3.07
AQST,2025-02-05,3.09,3.129,3.02,3.09
AQST,2025-02-06,3.12,3.13,3.01,3.02
AQST,2025-02-07,3.01,3.05,2.9,2.96
AQST,2025-02-10,3.0,3.0199,2.95,2.99
AQST,2025-02-11,3.0,3.0,2.9,2.97
AQST,2025-02-12,2.94,3.415,2.91,3.39
AQST,2025-02-13,3.45,3.63,3.235,3.47
AQST,2025-02-14,3.46,3.54,3.32,3.32
AQST,2025-02-18,3.33,3.37,3.055,3.15
AQST,2025-02-19,3.11,3.16,3.01,3.03
AQST,2025-02-20,3.04,3.21,2.95,3.06
AQST,2025-02-21,3.12,3.15,3.01,3.01
AQST,2025-02-24,3.04,3.06,2.91,2.965
AQST,2025-02-25,2.97,2.99,2.66,2.795
AQST,2025-02-26,2.82,2.92,2.71,2.75
AQST,2025-02-27,2.805,2.8299,2.71,2.72
AQST,2025-02-28,2.72,2.81,2.72,2.8
AQST,2025-03-03,2.83,2.855,2.62,2.66
AQST,2025-03-04,2.61,2.74,2.5601,2.73
AQST,2025-03-05,2.78,2.8495,2.73,2.79
AQST,2025-03-06,2.47,2.76,2.47,2.57
AQST,2025-03-07,2.56,2.695,2.475,2.65
AQST,2025-03-10,2.61,2.69,2.505,2.55
AQST,2025-03-11,2.55,2.67,2.54,2.65
AQST,2025-03-12,2.65,2.97,2.63,2.94
AQST,2025-03-13,2.94,3.06,2.715,2.72
AQST,2025-03-14,2.78,2.895,2.75,2.845
AQST,2025-03-17,2.84,2.91,2.79,2.855
AQST,2025-03-18,2.84,2.855,2.71,2.75
AQST,2025-03-19,2.76,2.99,2.76,2.98
AQST,2025-03-20,2.92,3.2,2.92,3.11
AQST,2025-03-21,3.04,3.245,3.01,3.225
AQST,2025-03-24,3.27,3.35,3.21,3.25
AQST,2025-03-25,3.25,3.3,3.17,3.22
AQST,2025-03-26,3.12,3.12,3.05,3.12
AQST,2025-03-27,3.11,3.24,3.11,3.21
AQST,2025-03-28,3.19,3.2,2.975,3.02
AQST,2025-03-31,2.885,2.97,2.84,2.895
AQST,2025-04-01,2.94,3.05,2.85,2.86
AQST,2025-04-02,2.8,3.05,2.76,3.04
AQST,2025-04-03,2.99,2.99,2.82,2.87
AQST,2025-04-04,2.76,2.825,2.63,2.71
AQST,2025-04-07,2.6,2.735,2.4594,2.62
AQST,2025-04-08,2.69,2.69,2.305,2.37
AQST,2025-04-09,2.335,2.63,2.245,2.58
AQST,2025-04-10,2.42,2.42,2.32,2.42
AQST,2025-04-11,2.43,2.5,2.36,2.47
AQST,2025-04-14,2.52,2.5792,2.4199,2.53
AQST,2025-04-15,2.52,2.61,2.465,2.57
AQST,2025-04-16,2.5526,2.58,2.47,2.5
AQST,2025-04-17,2.495,2.58,2.47,2.51
AQST,2025-04-21,2.47,2.665,2.465,2.58
AQST,2025-04-22,2.63,2.76,2.61,2.75
AQST,2025-04-23,2.86,2.95,2.77,2.81
AQST,2025-04-24,2.82,2.905,2.795,2.85
AQST,2025-04-25,2.82,2.895,2.82,2.87
AQST,2025-04-28,2.88,2.9595,2.76,2.83
AQST,2025-04-29,2.82,2.905,2.74,2.835
AQST,2025-04-30,2.78,2.955,2.77,2.92
AQST,2025-05-01,2.94,3.04,2.84,2.985
AQST,2025-05-02,3.049,3.049,2.94,3.0
AQST,2025-05-05,2.83,2.83,2.82,2.83
AQST,2025-05-06,2.69,2.69,2.65,2.69
AQST,2025-05-07,2.69,2.735,2.655,2.73
AQST,2025-05-08,2.73,2.8,2.61,2.76
AQST,2025-05-09,2.75,2.805,2.68,2.79
AQST,2025-05-12,2.85,2.9,2.785,2.85
AQST,2025-05-13,2.56,2.58,2.12,2.29
AQST,2025-05-14,2.345,2.41,2.155,2.22
AQST,2025-05-15,2.24,2.555,2.145,2.37
AQST,2025-05-16,2.39,2.48,2.34,2.38
AQST,2025-05-19,2.32,2.47,2.32,2.45
AQST,2025-05-20,2.45,2.48,2.38,2.39
AQST,2025-05-21,2.35,2.36,2.25,2.27
AQST,2025-05-22,2.24,2.33,2.23,2.29
AQST,2025-05-23,2.25,2.38,2.225,2.35
AQST,2025-05-27,2.4,2.56,2.375,2.55
AQST,2025-05-28,2.56,2.74,2.5,2.73
AQST,2025-05-29,2.75,2.79,2.67,2.79
AQST,2025-05-30,2.77,2.77,2.64,2.715
AQST,2025-06-02,2.72,2.87,2.675,2.81
AQST,2025-06-03,2.81,3.205,2.725,3.18
AQST,2025-06-04,3.2,3.615,3.14,3.41
AQST,2025-06-05,3.44,3.585,3.38,3.57
AQST,2025-06-06,3.6,3.815,3.56,3.56
AQST,2025-06-09,3.62,3.79,3.4909,3.54
AQST,2025-06-10,3.54,3.67,3.4607,3.58
AQST,2025-06-11,3.595,3.62,3.395,3.41
AQST,2025-06-12,3.36,3.395,3.2003,3.31
AQST,2025-06-13,3.22,3.53,3.22,3.42
AQST,2025-06-16,3.61,3.61,3.3,3.54
AQST,2025-06-17,3.5,3.53,3.35,3.35
AQST,2025-06-18,3.36,3.455,3.2,3.4
AQST,2025-06-20,3.46,3.46,3.17,3.26
AQST,2025-06-23,3.2,3.4,3.17,3.29
AQST,2025-06-24,3.35,3.395,3.2,3.21
AQST,2025-06-25,3.23,3.3,3.14,3.25
AQST,2025-06-26,3.27,3.3262,3.14,3.25
AQST,2025-06-27,3.25,3.3,3.17,3.245
AQST,2025-06-30,3.26,3.33,3.225,3.31
AQST,2025-07-01,3.31,3.505,3.28,3.4
AQST,2025-07-02,3.42,3.685,3.39,3.675
AQST,2025-07-03,3.69,3.7565,3.61,3.72
AQST,2025-07-07,3.7,3.8,3.655,3.7
AQST,2025-07-08,3.7,3.75,3.62,3.68
AQST,2025-07-09,3.72,4.025,3.7,4.01
AQST,2025-07-10,4.01,4.04,3.87,4.03
AQST,2025-07-11,4.01,4.01,3.995,4.01
AQST,2025-07-14,3.97,4.16,3.955,4.03
AQST,2025-07-15,4.07,4.1266,3.935,4.02
AQST,2025-07-16,4.06,4.145,3.995,4.03
AQST,2025-07-17,4.04,4.415,4.04,4.37
AQST,2025-07-18,4.445,4.5,4.2,4.2
AQST,2025-07-21,4.24,4.3693,4.15,4.23
AQST,2025-07-22,4.23,4.3199,3.955,3.97
AQST,2025-07-23,3.98,4.38,3.98,4.26
AQST,2025-07-24,4.24,4.29,4.1809,4.2
AQST,2025-07-25,4.23,4.23,4.09,4.15
AQST,2025-07-28,4.16,4.17,3.95,4.0
AQST,2025-07-29,4.05,4.07,3.85,3.925
AQST,2025-07-30,3.97,4.1,3.9,3.92
AQST,2025-07-31,3.98,4.01,3.82,3.84
AQST,2025-08-01,3.77,3.905,3.725,3.82
AQST,2025-08-04,3.83,4.04,3.83,4.02
AQST,2025-08-05,4.02,4.065,3.875,3.94
AQST,2025-08-06,3.92,4.005,3.86,3.99
AQST,2025-08-07,4.0,4.03,3.85,3.93
AQST,2025-08-08,3.99,3.99,3.85,3.9
AQST,2025-08-11,3.91,3.97,3.84,3.85
AQST,2025-08-12,3.98,4.27,3.6903,3.78
AQST,2025-08-13,3.74,4.1,3.73,4.01
AQST,2025-08-14,3.99,4.235,3.83,4.11
AQST,2025-08-15,4.17,4.205,4.03,4.11
AQST,2025-08-18,4.09,4.255,4.07,4.18
AQST,2025-08-19,4.17,4.19,3.84,3.85
AQST,2025-08-20,3.855,3.95,3.805,3.88
AQST,2025-08-21,3.85,3.9901,3.82,3.91
AQST,2025-08-22,3.92,4.0892,3.92,3.98
AQST,2025-08-25,3.97,3.985,3.85,3.86
AQST,2025-08-26,3.9,4.08,3.8602,3.9
AQST,2025-08-27,3.89,4.1309,3.84,3.85
AQST,2025-08-28,3.89,3.935,3.8,3.83
AQST,2025-08-29,3.83,3.87,3.73,3.77
AQST,2025-09-02,3.75,4.0,3.74,3.83
AQST,2025-09-03,3.82,3.96,3.8,3.945
AQST,2025-09-04,4.2871,5.1,4.24,5.06
AQST,2025-09-05,5.13,5.48,5.11,5.42
AQST,2025-09-08,5.5,5.6,4.93,5.005
AQST,2025-09-09,4.89,5.03,4.75,4.98
AQST,2025-09-10,5.03,5.03,4.87,4.88
AQST,2025-09-11,4.88,5.005,4.88,4.95
AQST,2025-09-12,5.04,5.2699,5.02,5.05
AQST,2025-09-15,5.07,5.23,4.91,5.14
AQST,2025-09-16,5.14,5.1751,4.86,4.87
AQST,2025-09-17,4.87,4.97,4.78,4.83
AQST,2025-09-18,4.91,4.96,4.81,4.925
AQST,2025-09-19,5.55,6.0,5.471,5.67
AQST,2025-09-22,5.71,5.73,5.16,5.17
AQST,2025-09-23,5.17,5.65,5.08,5.2
AQST,2025-09-24,5.23,5.44,5.2,5.42
AQST,2025-09-25,5.37,5.51,5.195,5.26
AQST,2025-09-26,5.89,6.43,5.815,5.99
AQST,2025-09-29,6.03,6.14,5.64,5.65
AQST,2025-09-30,5.6,5.6899,5.47,5.585
AQST,2025-10-01,5.59,5.9294,5.53,5.88
